A2_206  1816   402   614   508   656
A2_206  1820   676   803   148   106   254   508   254   296   373   408
A2_206  1830   433   330   309   351   185   246   456   684   319   183
A2_206  1840   101   241   299   280   111   111   100   100   120   161
A2_206  1850   121   162   121   181   121    81   102   183   243   243
A2_206  1860   200   204   224   296   374   284   305   231   310   351
A2_206  1870   355   240   121   101   222   202   219   160   381   161
A2_206  1880   139   218   298   239   240   240   320   180   240   220
A2_206  1890   164   184   241   184   264   226   405   298   180   180
A2_206  1900   239   278   297   511   676   590   418   443   722   686
A2_206  1910   623   579   557   468   446   204   264   346   491   616
A2_206  1920   390   616   611   593   448   223   284   365   545   404
A2_206  1930   342   481   535   662   500   312   583   583   381   543
A2_206  1940   399   654   583   483   485   488   570   425   483   749
A2_206  1950   629   753   465   544   624   597   718   688   566   594
A2_206  1960   258   458   444   843   543   756   599   617   463   583
A2_206  1970   431   529   594   368   284   469   614   699   392   678
A2_206  1980   679  1159  1436  1027  1253  1202  1033  1033   928   991
A2_206  1990   571   465   508   698   381   635   762   868   719   951
A2_206  2000   568  1200  1164   825   857   603   833  1296   968  1158
A2_206  2010   928   719 -9999
A2_220  1817    22   443   591
A2_220  1820   508   656   614   788   508   548   245   307   311   435
A2_220  1830   357   388   348   309   186   248   332   540   271   249
A2_220  1840   103   227   329   287   124   103   123   117   112   147
A2_220  1850   111   168   129   202    85    28   185    71   115   263
A2_220  1860   227   324   196   223   348   432   313   331   310   301
A2_220  1870   380   338   237   119   119   180   201   201   186   330
A2_220  1880   166   187   166   311   228   228   270   312   167   209
A2_220  1890   231   231   231   231   230   269   289   406   314   185
A2_220  1900   183   225   205   348   536   665   522   442   444   719
A2_220  1910   698   613   597   513   482   427   265   204   350   497
A2_220  1920   602   416   596   606   601   435   207   311   352   532
A2_220  1930   389   348   471   573   655   871   504   611   337   611
A2_220  1940   401   653   590   485   482   505   589   400   463   717
A2_220  1950   653   590   527   545   581   575   675   639   486   812
A2_220  1960   476   495   761   643   747   581   601   501   564   419
A2_220  1970   545   607   355   293   482   587   652   443   677   698
A2_220  1980  1094  1437   970  1267  1142  1016  1013   907   992   547
A2_220  1990   463   463   688   356   628   732   879   711   951   593
A2_220  2000  1249  1227   845   844   568   840  1238   947  1142   973
A2_220  2010   757   308 -9999
A3_245  1872     8   921   673   615   752   896   156   832
A3_245  1880   195   379   249   667   448   591   897   965   953   852
A3_245  1890   729   258   599   682   185   856   734   993   563   302
A3_245  1900   429   351   542   403   628   539   215   419   763   727
A3_245  1910   497  1051   980   753  1210  1185   160   956  1366  1631
A3_245  1920  1803  1904  1512  2153  1753  1090   223   893  1216  1389
A3_245  1930   864   610   888  1266  1553  1967  1245  2014  1171  1899
A3_245  1940  1251  1978  1916  1231  1222  1256  1261   933  1218  1517
A3_245  1950   888  1205   487   338   494   771   986   294   315   884
A3_245  1960   947  1035  1729  1647  1959  1333  1721  1070  1856   974
A3_245  1970   847  1312  1035   570  1183  1291  1418   889  1228  1228
A3_245  1980  1524  1692  1184  1143   720   868   931   845  1137   466
A3_245  1990   547   316   481   207   502   584   645   500   583   378
A3_245  2000   610   759   566   754   377   608   878   562   711   774
A3_245  2010   701   375 -9999
B2_089  1942    70  1226   521   755   255   380   456   662
B2_089  1950   139   209   238   798   488   201   218   254   307   389
B2_089  1960   355   405   198   173   111   134    80    61   195   199
B2_089  1970   366   191   206   126   161   194   188   298   335   449
B2_089  1980  1171  1000  1149   852  1199  1071   643  1558  2139  1588
B2_089  1990  1101  1294  1360   529  1594  1502  1694  2245  1766  1065
B2_089  2000  1430  1637  1192  1856  1859  1715  2422  2333  2687  2808
B2_089  2010  2415  1095 -9999
B3_252  1982    30   995   976  1291   880  1512  1590  1275
B3_252  1990   937   969  1490   995  1457  1205  1605  1634  2463   983
B3_252  2000  1680  2865  1783  2010  1818  1781  2040  1435  1886  1248
B3_252  2010   975   294 -9999
C2_122  1960    48   632   592   687   698   524   250   897   722   595
C2_122  1970   465   372   152   546   351   587   629   993   725   624
C2_122  1980  1179   729   433   197   320   548   444  1213   887   431
C2_122  1990   598   391   758   725  1180   900   743  1240  1206   674
C2_122  2000   979  1337   656   859   887   967   411   578  1006   877
C2_122  2010   762   161 -9999
C2_120  1933    19   200    98   194   165   152   148
C2_120  1940   253   314   120   108   355   347   253   293   684   371
C2_120  1950   453   371   247   328   307   550   388   346   371   400
C2_120  1960   402   698   529   360   339   451   283   472   486   402
C2_120  1970   613   358   147   400   463   719   656   992  1015   974
C2_120  1980  1270   931   740   422   611   631   652   946   710   312
C2_120  1990   392   620  1036   618  1229  1168  1339  1215  1573   759
C2_120  2000   931  1058   741   698  1396  1139   505   588   652   505
C2_120  2010   438   148 -9999
C3_186  1923    14   153   685   739   768   850   517
C3_186  1930   377   658   395   368   275   355   514   106   166   112
C3_186  1940   107   195   351   242   265   536   367   367   256   383
C3_186  1950   686   916   970   746   616   825   650   702   710   570
C3_186  1960   412   731   614   450   808   638   797   827  1316  1185
C3_186  1970  1573   797   397   334   313   815   645   751   376   673
C3_186  1980  1007   802   858   624   848   919   452   699  1019   582
C3_186  1990   608   437  1310   374  1196  1219  1326  1368  1405  1139
C3_186  2000  1703  1498  1452  1463   940   786   771  1169  1561  1152
C3_186  2010  1385   409 -9999
C2_192  1945    11   572  1323  1293   761
C2_192  1950   769   825   478   705   749   925   408   220   251   292
C2_192  1960   162   463   257   195   254   124    93   274   307   273
C2_192  1970   444   189   102   309   448   525   395   593   566   672
C2_192  1980   988   549   593   329   600   862   505   690   802   378
C2_192  1990   793  1334  1058   738  1822  1218  1736  1375  2080  1337
C2_192  2000  1321  1644  1117  1642  1353  1034  1408   868  1236  1138
C2_192  2010   816   558 -9999
C2_199  1965    35   254   388   771   335
C2_199  1970   756   389   309   944   676  1175   955  1410   960   965
C2_199  1980  1717  1040  1082   558   860  1012  1234  1518  1295   527
C2_199  1990   720  1088  1925  1088  1633  1408  1139  1459  2092   962
C2_199  2000  1335  1670  1064   945  1070  1159  2259  1727  1795  1561
C2_199  2010  1803   392 -9999
C2_200  1953   166   407   468   542   484   646   519
C2_200  1960   524  1083   642   743   991   916   606  1060   846   849
C2_200  1970   988   358   483  1122   810  1408  1002  1405  1394  1587
C2_200  1980  1973  1594  1425   713  1191  1776  1205  1637  1620   490
C2_200  1990   942  1001  1699  1255  2090  1931  1767  1850  2597  1226
C2_200  2000  1798  2136  1396  2008  1514  1564  2665  2018  1991  1955
C2_200  2010  1919   722 -9999
C2_202  1943    24   366   561   438   515   743   560
C2_202  1950   447   381   325   497   808   745   418   189   259   304
C2_202  1960   232   302   356   210   140   304    78   254   677   505
C2_202  1970   543   501   203   738   800  1376   780  1603  1083  1569
C2_202  1980  1871  1563  1200   646  1033  1438  1104  1671  1372   765
C2_202  1990   713  1231  1452   980  1624  1271  1230  1306  1835   904
C2_202  2000  1592  1932  1354  1713  1176  1175  1897  1434  1865  1557
C2_202  2010  1372   430 -9999
D1_542  1976   174  1085  1265  1548
D1_542  1980  2362  1310   834   716  1364  1670   961  2265  1686  1679
D1_542  1990   998  1254  1541  1125  2024  1584  1518  1854  3006  1256
D1_542  2000  1637  2269  1409  1883  1687  1808  2364  1596  2392  2459
D1_542  2010  2375   889 -9999
D2_018  1955     7   225   194   142    72
D2_018  1960   174   921  1110   948   904   346   323   787  1062   670
D2_018  1970   522   240   302   787   548  1357  1024  2186  1463  1806
D2_018  1980  2424  1760  1254  1026  1418  1729  1173  1400  1535  1166
D2_018  1990   848  1216  1957   756  1482  1414  1672  2000  2331  1187
D2_018  2000  1338  1497  1080  1501  1089  1481  1991  1290  2168  1789
D2_018  2010  1599   792 -9999
D2_027  1967    31   381   631
D2_027  1970   609   383   305   709   580  1104   889  1350  1043  1030
D2_027  1980  1854  1068   746   478   741  1162  1098  2714  1530  1111
D2_027  1990   596   581  1191   974  1750  1554  1381  1617  2724  1688
D2_027  2000  1937  3062  2280  3293  2233  2699  3835  2916  3159  2625
D2_027  2010  2343  1292 -9999
D3_175  1920     1   478   642   410   690   461   363   353   241   114
D3_175  1930   156   199   458   327   305   623   712   734   507   496
D3_175  1940   496   812  1535   417   586   941   748   383   447   614
D3_175  1950   580   397   167   314   474   464   498   181   187   282
D3_175  1960   268   208   565   371   266   141   184    80   286   535
D3_175  1970   373   314   211   463   506   929   464  1056   761  1184
D3_175  1980  1397  1058   867   275   360   466   423   634   803   127
D3_175  1990   487   593   825   762  1185  1169  1195  1249  1651   762
D3_175  2000   868  1965  1300  1157  1177  1333  2582  1670  1926  1587
D3_175  2010  1480   623 -9999
D3_176  1960     4  1700   893   881   995   867   684  1249  1240  1145
D3_176  1970  1061   510   698  1132   832  1314  1003  1349  1286  1625
D3_176  1980  2495  2149   998   687   956  1154   683  1397  1174   757
D3_176  1990   606   657   935   562  1383  1296  1643  1969  2334  1120
D3_176  2000  1778  2364  1412  1913  1359  1331  1957  1734  1896  2163
D3_176  2010  1774   953 -9999
E3_189  1963   190   717   441   230   671   561   446
E3_189  1970   518   391   266   588   336  1272   591   843   509   704
E3_189  1980  1373   747   476   134   389   706   279   762   707   509
E3_189  1990   324   313   706   422   794  1427   828   736  1418   533
E3_189  2000   715  1595  1092  1411  1059  1257  1389  1115  1751  1368
E3_189  2010  1460  1366 -9999
E3_190  1959    67
E3_190  1960   490   996   866  1257   560   671  1058   900   733   462
E3_190  1970   344   505   508   943   675  1161   721  1042   715  1345
E3_190  1980  1842  1328   924   660   954  1235   694  1402  1486   963
E3_190  1990   664   825  1319   649  1198  1347  1222  1605  2513  1375
E3_190  2000  2157  2730  1861  2344  1843  1743  1949  1987  2415  2381
E3_190  2010  2055   728 -9999
E3_205  1928   136   443
E3_205  1930   323   501   444   379   645    99    41   149   244   198
E3_205  1940    95   218   394   507   317   314   665   355   173   394
E3_205  1950   572    85    90    56    89   228   196   138   200   182
E3_205  1960    83   288   224   249   229   171   113   186   293   682
E3_205  1970   583   306   227   344   306   532   481   773   495   684
E3_205  1980  1117   611   379   232   358   526   210   567   651   737
E3_205  1990   463   441  1136   463  1330  1500  1100  1541  2612  1026
E3_205  2000  1570  1339  1151  1643  1752  2103  2399  1924  2643  2726
E3_205  2010  1710   878 -9999
C2_195  1961   125   393   543   550   614   254   466   614   545
C2_195  1970   697   298   270   566   460   971   859  1205   838   975
C2_195  1980  1589   843   529   390   588   689   494   831   791   461
C2_195  1990   282   221   468   368   387   426   422   382   503   201
C2_195  2000   382   565   344   405   259   359   622   649   959   904
C2_195  2010  1031   342 -9999
C2_201  1960   108   547   623   744   741   545   249   589   603   631
C2_201  1970   797   178   240   439   362   802   663   984   561   722
C2_201  1980  1079   613   464   305   516   663   334   622   392   207
C2_201  1990   185   144   403   215   344   414   273   365   626   287
C2_201  2000   301   911   449   473   552   546   777   662   676   740
C2_201  2010   596   270 -9999
D1_539  1976    84   294   273   570
D1_539  1980   821   465   335   185   370   603   377  1015  1056   666
D1_539  1990   370   486   962   804  1054   946   891  1032  2001  1122
D1_539  2000  1634  2069  1216  1501  1670  1494  1345  1161  1467   857
D1_539  2010  1122   292 -9999
D1_544  1983   224   870   993   498  1049   836  1016
D1_544  1990   244   294   480   453   883   861   745   822  1661   871
D1_544  2000  1071  1250  1422  2040  1778  1662  1644  1936  2236  2027
D1_544  2010  2170   656 -9999
D2_017  1978    14   300
D2_017  1980   774   386   316   167   276   477   418   750   689   529
D2_017  1990   232   232   594   154   319   452   488   562  1011   448
D2_017  2000   824  1096   803  1415   744   847   860   900  1439  1357
D2_017  2010  1116   580 -9999
D3_171  1957    38   229   135
D3_171  1960   101   286   219   223   238   273   151   145   319   283
D3_171  1970    96    91    88   222   255   368   258   221   580   551
D3_171  1980   345   167   104   117   274   295   489   209   227   246
D3_171  1990   217   322   214   186   187   211   408   278   288   434
D3_171  2000   372   371   178   138   175   122   187   162   400   312
D3_171  2010   276   235 -9999
E3_191  1920    21   189   124   173   161    83   250   132    63    85
E3_191  1930    72   131   107   142   208   200   269   146   146   237
E3_191  1940   431   607   230   209   315   231   154   219   251   118
E3_191  1950   124   112   144   227   306   294   224   280   358   232
E3_191  1960   239   347   277   379   382   284   138   339   392   318
E3_191  1970   308   230   201   235   238   409   224   262   338   340
E3_191  1980   572   367   287   134   204   206   180   278   372   329
E3_191  1990   208   204   328   165   329   374   283   357   360   217
E3_191  2000   367   465   585   757   417   376   635   632   747   582
E3_191  2010   453   430 -9999
E3_203  1933    53   493   264   140   203   393   510
E3_203  1940   245   206   279   254   173   177   195   188   256   217
E3_203  1950   271   261   275   315   255   201   220   325   252   361
E3_203  1960   220   317   306   242   133   234   188   171   269   182
E3_203  1970   240   139   118   108    83   206   166   150   213   299
E3_203  1980   492   290   197    68   138   220   131   187   219   277
E3_203  1990   206   137   280   255   400   247   247   214   181   145
E3_203  2000   206   468   501   843   303   431   863   519  1077   556
E3_203  2010   613   402 -9999
E3_204  1928     7   327
E3_204  1930   370   508   326   279   548   597   658   786   499   359
E3_204  1940   366   692   840   347   389   424   318   241   678   435
E3_204  1950   202   346   366   254   458   402   254    99   106   176
E3_204  1960   190   169   360   338   381   360   233   114   140   317
E3_204  1970   135   140   106   106   114   266   198   300   265   285
E3_204  1980   458   333   162    55   117   146   104   209   251   208
E3_204  1990   146    85   139    62   164   196   125   147   128    85
E3_204  2000   124   189   170   210   114   120   104   169   211   149
E3_204  2010    84    78 -9999
A3_419  1980    64    70   112   196   161   315   263   220   172   283
A3_419  1990   248   209   290   130   207   258   355   293   355   215
A3_419  2000   412   237   302   440   309   288   589   507   338   254
A3_419  2010   198   105 -9999
B2_257  1979   134
B2_257  1980   295   193   161   138   308   252    93   371   468   398
B2_257  1990   274   207   299   213   348   334   308   394   681   244
B2_257  2000   392   415   397   763   399   702   984   842   792   542
B2_257  2010   405   318 -9999
B2_258  1978    44    94
B2_258  1980   127   170   115    87   150   224   432   179   354   402
B2_258  1990   337   336   377   139   299   354   353   373   415   211
B2_258  2000   182    96   336   702   351   330   413   456   436   285
B2_258  2010   235   115 -9999
B3_342  1978    82   109
B3_342  1980    90   184   130    96   137   238   147   434   429   378
B3_342  1990   209   201   464   151   361   300   375   358   532   257
B3_342  2000   361   480   494   593   305   372   677   652   621   356
B3_342  2010   333    88 -9999
C2_197  1948    48   163
C2_197  1950   307   120   109   162   235   245   138   225   292   187
C2_197  1960   221   617   356   671   613   362   216   600   597   639
C2_197  1970   445   157    90   322   213   425   177   473   366   420
C2_197  1980   949   616   403   148   189   343   210   721   558   394
C2_197  1990   289   280   519   281   534   465   497   449   500   208
C2_197  2000   248   342   208   360   383   483   508   471   768   384
C2_197  2010   309    73 -9999
D1_514  1996    85   188   369   232
D1_514  2000   302   417   303   570   518   385   683   763   485   501
D1_514  2010   463   417 -9999
D1_540  1979    64
D1_540  1980   410   666   549   535   542   890   537   971   940  1044
D1_540  1990   623   734   848   771   951   894   858   783  1547   873
D1_540  2000  1198  1626  1278  1844  1173  1597  1766  1723  2052  1715
D1_540  2010  2502   552 -9999
D2_479  1975    83   139   122   124   179
D2_479  1980   304   229   208   106   113   225   138   303   227   229
D2_479  1990   142   195   354   133   249   273   282   282   538   203
D2_479  2000   413   435   495   611   423   385   448   847   675   657
D2_479  2010   715   372 -9999
D2_482  1974    74    91    99   148   158   233
D2_482  1980   526   300   300   145   197   479   233   487   529   402
D2_482  1990   204   198   309   219   424   357   300   331   663   297
D2_482  2000   423   775   529   619   416   418   582   652   841   561
D2_482  2010   483   380 -9999
D3_169  1915   140   131   136   160   441
D3_169  1920   725   397   402   593   609   390   278   387   156    72
D3_169  1930    72   114   292   416   285   376   230   413   266   311
D3_169  1940   276   336   982   275   335   519   199   135   230   389
D3_169  1950   280   451   260   214   175   338   425   117   208   306
D3_169  1960   144   103   306   395   315   210   195    64   113   266
D3_169  1970   213   214   164    86   171   211   460   287   358   594
D3_169  1980   404   327    80   134   138    64    40   216   187   126
D3_169  1990    91   226   249   471   447   490   389   416   339   417
D3_169  2000   595   416   617   450   328   372   451   690   677   460
D3_169  2010   234    73 -9999
D3_165  1907    61   210   317
D3_165  1910   134   294   586   350   184   274   397   121    64    84
D3_165  1920   132   165   154   109    76    75    78   204   239   255
D3_165  1930    55    78   104   158   477   448   379   275   394   163
D3_165  1940   114   268   152    71    78    78   160   126   119   249
D3_165  1950   194   169   145    98   114   210   303   202   189   267
D3_165  1960   149    83    96   103   139   160   147   135   190   221
D3_165  1970   422   131   137    88    70   183   317   318   309   269
D3_165  1980   187   173    98   109   115   236   168   210   230   146
D3_165  1990   348   280   335    84   123   239   185   131    64    95
D3_165  2000    63   159   163   108   211   149   160   100    80    45
D3_165  2010   111    63 -9999
F1_628  1988    72   286
F1_628  1990   211   246   219   107   200   246   211   295   389   204
F1_628  2000   367   446   662  1015   726   515   589  1221  1403  1271
F1_628  2010  1120   645 -9999
F1_629  1991    24   111    79   136   171   227   603   858   388
F1_629  2000   378   374   386   766   637   559  1087  1443  1203  1085
F1_629  2010  1216   741 -9999
F1_634  1977     7   140   134
F1_634  1980   141   175   141    78   144   296   157   290   163   162
F1_634  1990   156   224   218   122   208   176   187   265   495   282
F1_634  2000   570   616   724   952   662   617   845  1257  1364  1242
F1_634  2010  1153   760 -9999
F1_635  1985    49   144   194    94   103
F1_635  1990   129    92   248   167   169   278   116    91   113   144
F1_635  2000   191   377   554  1022   582   470   831  1232  1779  1433
F1_635  2010  1428   957 -9999
G2_499  1974    43    74   169    95   200   137
G2_499  1980   199   166    93    83   198   250   325   518   423   359
G2_499  1990   211   243   360   211   379   188   179   210   523   523
G2_499  2000   513   502   853   798   722   489   611  1047  1128   982
G2_499  2010  1036   813 -9999
