A1_211  1887    26   320   344
A1_211  1890   317   237   210   280   151   134    93   175   191   190
A1_211  1900   301   182   272   669   382   616   498   292   308   241
A1_211  1910   142   128   185   119   148   209   122    65   386   645
A1_211  1920   232   122   282   367   298   412   442   460   250   322
A1_211  1930   305   227   417   543   674   634   608   499   695   622
A1_211  1940   609   634   560   806   657   911   418   544   592   483
A1_211  1950   642   486   248   396   449   571   361   483   589   555
A1_211  1960   828   513   695   746   747   707   674   672   600   601
A1_211  1970   627   719   394   932   968   982  1007   949   963   933
A1_211  1980   754   865   582   648   831   779   425   440   457   458
A1_211  1990   707   349   516   396   880   587   839   610   696   661
A1_211  2000  1132   850   608   621   510   604   638   629   482   640
A1_211  2010   435   388 -9999
A1_045  1891     8   162   394   637   383   407   546   623   420
A1_045  1900   373   649   464   487   325   491   701   464   509   555
A1_045  1910   483   328   506   339   403   548   272   338   531   616
A1_045  1920   406   567   835   892   941   859   972   687   868   589
A1_045  1930   712   932  1110   618   756   946   967   978   905   990
A1_045  1940   843  1147   831   936  1112  1194   948   856  1007   976
A1_045  1950   892   755   787   948   845  1035  1058  1079  1111   984
A1_045  1960  1036   867   856  1014  1066   993  1057  1258  1238  1016
A1_045  1970  1418  1280   848  1269  1174  1322  1363  1499  1343  1439
A1_045  1980  1258  1561  1311  1501  1468  1407  1203  1488  1397  1534
A1_045  1990  1754  1014  1045  1025  1848  1360  1642  1296  1392  1277
A1_045  2000  1923  1425  1120  1400  1210  1363  1362  1195  1034  1392
A1_045  2010  1245   612 -9999
A1_046  1887    82   299   418
A1_046  1890   291   306   175   132   181   215   151   243   190   156
A1_046  1900   138   167   146   137   160   231   298   198   199   300
A1_046  1910   220   140   281   180   299   281   223   173   345   449
A1_046  1920   292   343   490   671   513   576   741   678   610   619
A1_046  1930   408   742   617   463   526   564   459   400   553   504
A1_046  1940   523   737   680   665   680   700   457   602   682   557
A1_046  1950   628   390   258   355   355   350   203   223   195   186
A1_046  1960   152   194   197   274   311   359   303   303   227   309
A1_046  1970   446   293   256   577   470   531   472   442   446   450
A1_046  1980   396   524   423   332   530   438   378   624   507   540
A1_046  1990   513   287   329   269   555   392   427   437   449   389
A1_046  2000   611   518   393   325   285   389   548   632   457   552
A1_046  2010   426   290 -9999
A1_047  1880    64   585   392   581   326   158   307   317   783   840
A1_047  1890   604   542   408   359   266   108   205   562   342   233
A1_047  1900   233   132   162   154    92   131   121    81    51   103
A1_047  1910   110    70   101   151   141   253   112   204   174   332
A1_047  1920   156    94   187   241   242   252   482   198   262   608
A1_047  1930   210   650   609   347   325   545   775   461   524   775
A1_047  1940   670  1125   770   749   761   712   332   473   616   530
A1_047  1950   430   210   455   478   349   434   201   385   341   337
A1_047  1960   434   462   307   480   507   577   375   462   442   464
A1_047  1970   633   778   587   645   498   621   706  1049   534   533
A1_047  1980   473   632   630   549   714   736   675   794   768  1046
A1_047  1990  1025   738   862   721  1285  1107  1213  1051  1113   894
A1_047  2000  1545  1173   944  1074   802  1099   929   781   836  1111
A1_047  2010   889   582 -9999
A1_053  1765   140   320   566   507   468
A1_053  1770   598   298   552   720   532   520   851   435   598   737
A1_053  1780   239   132   406   395   401   558   531   717   644   423
A1_053  1790   548   343   388   413   535   496   750   683   471   735
A1_053  1800   543   423   353   365   453   495   430   598   456   596
A1_053  1810   782   641   522   575   415   471   448   471   643   517
A1_053  1820   480   444   597   490   491   680   682   693   595   574
A1_053  1830   555   961   608   589   416   500   598   406   438   415
A1_053  1840   176   341   125   136   126   157   146   207   156    83
A1_053  1850   147   103   147   136   209   262   262   399   335   355
A1_053  1860   293   344   416   406   261   416   318   245   348   476
A1_053  1870   528   510   378   268   327   265   182   267   318   209
A1_053  1880   300   281   160   171   148   357   495   338   538   363
A1_053  1890   637   750   478   621   594   428   580   567   672   522
A1_053  1900   751   837   711   770   853   789   863   766  1474  1222
A1_053  1910   773   590   780   773   773   754   420   640   560   581
A1_053  1920   537   621   710   654   592   750   773   697   835   785
A1_053  1930   621   539   591   562   470   546   643   558   570   676
A1_053  1940   655   824   824  1035  1077  1097  1098  1157  1121   951
A1_053  1950   954   953  1171  1130  1053  1330   995  1205  1184   994
A1_053  1960  1057   952   857  1206  1034  1112  1086   907   761   777
A1_053  1970  1052   949   826  1224  1360  1411  1555  1457  1478  1498
A1_053  1980  1175  1414  1262  1574  1268  1101   868  1132  1130  1174
A1_053  1990  1586  1016  1069   857  1396  1143  1365  1122  1132   899
A1_053  2000  1635  1228   848   818   542   750   867   660   592   786
A1_053  2010   706   199 -9999
A1_209  1823     7   138   151   205   170   250   244
A1_209  1830   270   259   731   434   436   296   330   198   205   198
A1_209  1840    92    71   105   163   138   302   223   242   250    91
A1_209  1850   200   152   248   274   261   275   206   277   245   116
A1_209  1860    64   273   455   604   501   655   548   402   308   514
A1_209  1870   457   485   623   520   523   482   322   390   381   233
A1_209  1880   239   383   443   267   214   321   457   337   425   185
A1_209  1890   458   536   456   607   348   366   440   404   494   353
A1_209  1900   578   542   533   554   499   357   464   403   646   452
A1_209  1910   298   308   389   385   552   569   366   652   566   558
A1_209  1920   472   681   735   789   624   645   654   591   499   558
A1_209  1930   599   661   578   517   394   559   603   603   795   670
A1_209  1940   683   768   712   667   649   815   703   597   545   545
A1_209  1950   569   518   454   549   464   737   526   609   814   710
A1_209  1960   787   660   332   432   450   611   288   185   205   226
A1_209  1970   434   568   622   974   736   665   727   624   603   801
A1_209  1980   427   563   396   438   581   622   396   514   419   410
A1_209  1990   588   417   374   310   591   322   436   355   555   578
A1_209  2000   870   638   481   419   356   440   502   522   398   566
A1_209  2010   493   316 -9999
A1_212  1903     9   516   782   651   272   323   432
A1_212  1910   345   413   523   360   336   606   278   186   316   579
A1_212  1920   385   460   696   970   655   548  1161   740   588   578
A1_212  1930   331   633   704   508   573   845  1777  1444  1265   633
A1_212  1940  1025  1171   950   927   950  1264  1128  1040  1024  1002
A1_212  1950   915  1026   979  1098   853  1213  1117   923  1180  1105
A1_212  1960  1336   978   979  1525  1421  1475  1266  1345  1088  1214
A1_212  1970  1477  1186   891  1547  1262  1483  1371  1435  1667  1531
A1_212  1980  1255  1324  1132  1386  1424  1336  1046  1439  1376  1407
A1_212  1990  1332  1266  1227  1037  1437  1285  1481  1330  1473  1287
A1_212  2000  1652  1196   937  1117  1121  1176  1478  1212  1201  1654
A1_212  2010  1271   676 -9999
A1_225  1887    21   385   330
A1_225  1890   267   270   237   267   136   117   101   200   190   199
A1_225  1900   263   197   284   409   574   570   519   283   336   213
A1_225  1910   172   139   157   134   122   244    81   102   367   651
A1_225  1920   212   161   245   389   336   403   462   443   269   308
A1_225  1930   305   248   399   563   693   639   599   499   679   629
A1_225  1940   590   651   553   813   624   929   417   585   588   473
A1_225  1950   708   489   210   417   533   538   360   477   575   587
A1_225  1960   801   551   639   723   758   779   666   668   618   566
A1_225  1970   622   714   409   915   990   963  1059   930   987   912
A1_225  1980   756   838   607   627   837   765   442   471   447   448
A1_225  1990   698   348   533   378   870   612   842   604   684   663
A1_225  2000  1138   855   584   646   503   595   672   618   486   626
A1_225  2010   442   387 -9999
A2_207  1914    15   558   574   168   136   252
A2_207  1920   412   598   665   317   381   148   113   167   155   300
A2_207  1930   330   424   548   485   401   773   686   940   856   819
A2_207  1940   734   815   541   561   741   682   623   414   667   522
A2_207  1950   778   544   419   626   419   648   510   387   625   521
A2_207  1960   398   367   263   474   449   440   461   567   336   472
A2_207  1970   852   431   241   554   585   609   546   709   700   655
A2_207  1980   607   563   654   660   820  1013   793  1141  1217  1534
A2_207  1990  1195   984  1269  1058  1763  1120  1364  1302  1598  1249
A2_207  2000  1904  1555   971  1116   895   941  1351  1184  1110  1404
A2_207  2010  1243   895 -9999
A2_208  1876    39   128    17   165
A2_208  1880   146   157   140    65   140    83    65   112   111    85
A2_208  1890   103   115    79    96   137    91    90    67    76    78
A2_208  1900   156   146   104    95    79   117   105    59    89   105
A2_208  1910   221   106   107   137   151   121    92    78   106   153
A2_208  1920   116    83   158   128   161   162   172   151   116   117
A2_208  1930   103   150   181   136   122   212   166   242   195   186
A2_208  1940   175   186   175   144   178   180   161   130   178   196
A2_208  1950   165   182   150   234   201   266   169   205   274   190
A2_208  1960   225   264   267   357   320   271   324   324   253   289
A2_208  1970   673   442   246   452   272   412   358   621   671   790
A2_208  1980   874   813   804   772   943  1063   787  1161  1125  1441
A2_208  1990   957   831  1073   853  1275   992  1121   878  1536  1192
A2_208  2000  1619  1341   979  1198   874   926  1280  1163  1097  1397
A2_208  2010   942   863 -9999
A2_221  1915    55   478   665   191   153
A2_221  1920   258   400   618   686   270   385   252   181   232   355
A2_221  1930   322   416   561   449   436   823   772   888   878   825
A2_221  1940   759   854   560   547   806   678   605   430   649   504
A2_221  1950   735   597   409   620   430   648   482   398   629   559
A2_221  1960   394   293   316   464   461   444   469   579   339   451
A2_221  1970   839   452   241   534   548   650   559   705   700   637
A2_221  1980   616   561   670   647   815   992   804  1121  1206  1524
A2_221  1990  1217   973  1262  1056  1767  1142  1364  1290  1578  1300
A2_221  2000  1873  1567   970  1107   898   904  1352  1195  1130  1373
A2_221  2010  1247   878 -9999
A2_222  1877    21   112   141
A2_222  1880   133   139   141    91   158    86   108    93   126   101
A2_222  1890    80    87    79   130   113    81    96    66    70    98
A2_222  1900   151    91   140    79   115    76   117    65    96   143
A2_222  1910   175   117   100   130   145   152    99   111    66   158
A2_222  1920    86    84   111   141   173   161   182   151    93   112
A2_222  1930   109   140   158   158    95   193   194   227   226   192
A2_222  1940   177   194   220   106   179   145   155   146   184   177
A2_222  1950   179   184   135   230   177   314   161   220   266   205
A2_222  1960   252   219   255   354   305   303   324   307   270   265
A2_222  1970   667   460   235   452   270   421   348   597   660   818
A2_222  1980   863   807   806   763   969  1059   744  1126  1183  1456
A2_222  1990   939   832  1096   867  1265  1003  1100   868  1540  1237
A2_222  2000  1590  1337   995  1191   834   984  1261  1184  1069  1418
A2_222  2010   963   822 -9999
A3_242  1904    71   702   833   357   689   763
A3_242  1910   887   729   874   838   801   590   447   891   714   852
A3_242  1920   542   542   616   658   671   803   627   447   399   441
A3_242  1930   329   368   407   352   387   602   596   547   598   572
A3_242  1940   841   961   716  1100   957   971   724   900   812   491
A3_242  1950  1056  1317   766  1236  1088  1236  1033  1146  1302  1045
A3_242  1960   817   592   646   979   844   729   806  1094   883   808
A3_242  1970   973   653   493   813   914  1143   993   928   968  1025
A3_242  1980   621   741   701   661   761   858   654   827  1013  1075
A3_242  1990   925   581   810   626   918   730   851   592   545   620
A3_242  2000   930   906   653   590   590   612   719   782   592   761
A3_242  2010   635   666 -9999
A3_243  1932   707   489   576   628   737   728   792   917
A3_243  1940   552   928   589   551   711   806   609   553   628   661
A3_243  1950   602   357   516   695   614   751   524   548   722   591
A3_243  1960   662  1121   834  1234  1203   887  1441  1207  1501  1331
A3_243  1970  1866  1528  1033  1563  1219  1548  1721  1738  1841  1886
A3_243  1980  1354  1282  1529  1320  1626  1606  1132  1538  1675  1676
A3_243  1990  1660  1590  1612  1231  1478  1488  1622  1359  1594  1478
A3_243  2000  2444  1960  1485  1699  1423  1341  1921  1864  1697  1963
A3_243  2010  2142  1016 -9999
B1_136  1954    18  1032  1037  1242  1304   816
B1_136  1960   876   798   908  1162   857   691  1023   887  1016   867
B1_136  1970  1058   910   550   931   761   719   995  1227  1312  1333
B1_136  1980  1185  1122   804   909  1077  1051   698  1194  1114  1098
B1_136  1990  1163   782   803   931  1309  1035   707   856   974   899
B1_136  2000  1524  1100   910   688   635   688   878  1004   962  1224
B1_136  2010  1073   539 -9999
B1_142  1939    25
B1_142  1940  1038  1605   254   592   830   745   420   292   456   343
B1_142  1950   302   157   168   248   141   205   225   326   386   305
B1_142  1960   408   534   555   683   568   446   854   652   582   624
B1_142  1970  1000   745   487   596   452   643   809   981   809   906
B1_142  1980   919   811   710   694   939  1006   640  1136  1109  1232
B1_142  1990  1088   771   938   855  1462   879   709   737   967   903
B1_142  2000  1487  1146   733   730   500   521   623   585   521   771
B1_142  2010   800   597 -9999
B1_144  1932    70   648   627   812   819   818   772  1174
B1_144  1940  1278  1920   864  1395  1524  1207   783   423   952   737
B1_144  1950   872   344   635   929   936  1040   783  1076  1093   952
B1_144  1960  1122   952  1079  1333  1058   952  1290  1586  1290  1248
B1_144  1970  1692  1311   994  1728  1286  1300  1449  1430  1368  1411
B1_144  1980  1134  1162  1051  1325  1347  1180   803  1438  1607  1691
B1_144  1990  1564   930   973   909  1713  1205  1184  1205  1162   928
B1_144  2000  1739  1404   901   980   649   898  1021   753   571   759
B1_144  2010   710   501 -9999
B1_145  1937    49   800  1114
B1_145  1940   995  1195   446   603  1111   795   705   505   635   430
B1_145  1950   476   254   296   296   401   357   169   335   484   315
B1_145  1960   358   443   337   526   590   632   739   549   550   677
B1_145  1970   910   847   720   804   402   698   760   948   463   421
B1_145  1980   653   738   505   547   526   674   401   485   422   508
B1_145  1990   508   381   528   550   654   632   546   502   613   889
B1_145  2000  1206  1037   719   677   613   592   782   592   567   846
B1_145  2010   466   634 -9999
B1_146  1918    75   526
B1_146  1920   322   354   456   253   477   720   559   412   619   656
B1_146  1930   557   701   912   813   744   853  1070  1001  1189  1349
B1_146  1940   902  1194   678   980  1202  1115   969   841  1174   842
B1_146  1950   862   787   801  1271  1162  1321   926  1261  1255  1123
B1_146  1960   967   867   739  1077   950   856  1294  1220  1028   654
B1_146  1970  1104  1084   711  1493   941  1206  1247  1172  1075  1275
B1_146  1980  1104  1210  1234  1172  1460  1377   843  1072  1093  1140
B1_146  1990  1078   781   760   613  1290   973  1056   845   888   885
B1_146  2000  1585  1493   941   993   712   775  1243   994  1017  1232
B1_146  2010  1231   522 -9999
B1_141  1941   600   264   523   528   506   335   333   498   292
B1_141  1950   377   261   323   479   378   378   498   697   787   256
B1_141  1960   434   709   628   884   816   537   592   402   317   317
B1_141  1970   488   208   357   315   189   297   356   379   486   486
B1_141  1980   591   571   508   570   630   496   475   908   867  1218
B1_141  1990  1041   479   646   750  1088   661   436   539   851   390
B1_141  2000  1000   817   510   423   283   285   412   488   410   468
B1_141  2010   354   479 -9999
B3_250  1984    46   979   568   874  1236  1219
B3_250  1990  1250  2009  2466  1915  3863  2083  1497  2485  3001  2180
B3_250  2000  2254  2793  1576  2965  2738  3793  4471  2846  2635  3415
B3_250  2010  3196  1882 -9999
B3_251  1976    77   597   794   949
B3_251  1980   801  1057  1001  1524  1334  1246  1078  1524  1333  1776
B3_251  1990  1520  1242  1302  1313  1725  1509  2045  2573  2474  2238
B3_251  2000  2855  2610  1646  2969  2569  2843  3086  2262  1923  2152
B3_251  2010  1867  1142 -9999
C1_228  1858    66   100
C1_228  1860   156   151    97   105   132   221   280   188   208   242
C1_228  1870   230   252   105    67    51    72   137   136    83   225
C1_228  1880   134   219   508   254   157    94   494   331   454   197
C1_228  1890   270   152   148   120   153    96   154   123   233    95
C1_228  1900   132   141   111   191   372   411   906   659   539   549
C1_228  1910   777   573   424   323   515   350   309   373   454   597
C1_228  1920   350   515   546   582   708   818   725   553   952   632
C1_228  1930   571   473   672   830   582   680   643   568   860   798
C1_228  1940   645   686   437   522   689   734   841   548   694   442
C1_228  1950   442   313   271   277    89    57    43   108    95   104
C1_228  1960    83   146   210   377   462   271   188   209   229   229
C1_228  1970   270   250   290   309   248   333   333   331   290   352
C1_228  1980   395   377   441   465   487   529   487   635   635   782
C1_228  1990   825   592   742   930   847   656   677   720   974  1036
C1_228  2000  1161  1072   820   946   652   569  1156   716   738   901
C1_228  2010   754   481 -9999
C1_227  1923   152   175   850   590   290   467   417
C1_227  1930   420   472   333   630   583   724   745   430   397   442
C1_227  1940   330   354   182   264   338   325   260   228   301   304
C1_227  1950   411   243   327   508   533   527   761   437   436   597
C1_227  1960   386   736   719   993  1134   842  1075  2050  1701  1294
C1_227  1970  1573  1793  1303  1600  1692  1439  1118   951   655   869
C1_227  1980   683   433   659   679   679   839   532   739  1029   967
C1_227  1990   867   517   981   694   927   887  1206  1227  1566  1051
C1_227  2000  1361   954   668   646   415   374   558   351   370   475
C1_227  2010   249   210 -9999
C1_229  1896    38   155   161    76
C1_229  1900    64    70   137    50    51    55   128   127   100    86
C1_229  1910   120   135   107   124   158   194   131   198   253   437
C1_229  1920   199   220   322   315   293   302   290   139   280   284
C1_229  1930   321   492   565   620   533   621   582   543   858   689
C1_229  1940   611   936   405   758  1067   933   870   512   742   682
C1_229  1950   729   392   479   494   511   610   446   363   445   524
C1_229  1960   488   541   573   881   705   569   645   854   838   679
C1_229  1970   775   632   938  1010   879  1107   957   838   574   701
C1_229  1980   681   598   729   791   857   838   546   546   755   957
C1_229  1990   726   641   887   718   938   816   718   741   908   944
C1_229  2000  1448  1254   892   994   823   773   797   724   586   724
C1_229  2010   519   312 -9999
C1_234  1927    25   347   941
C1_234  1930  1025   851   708   639   469   766   907   789   830   746
C1_234  1940   795   870   516   572   641   510   393   412   591   534
C1_234  1950   602   480   438   622   520   771   616   549   608   667
C1_234  1960   823   697   683   687   590   471   559   680   686   585
C1_234  1970   689   606   482   841   694   736   696   717   632   736
C1_234  1980   569   611   673   590   738   759   548   694   671   755
C1_234  1990   749   500   606   461   863   630   717   569   592   612
C1_234  2000  1184   821   758   779   590   506   654   613   444   591
C1_234  2010   486   356 -9999
C1_235  1905    76   281   273   338   380
C1_235  1910   450   288   185   227   206   247   144   186   173   453
C1_235  1920   203   280   322   325   243   243   204   222   400   442
C1_235  1930   343   322   343   635   536   615   615   640   763  1008
C1_235  1940   887   842   452   719   575   801  1007   817   832   606
C1_235  1950   670   548   528   754   870  1083   748   394   433   374
C1_235  1960   472   492   455   655   675   525   706   725   536   397
C1_235  1970   660   605   480   645   663   760   720   746   566   730
C1_235  1980   710   705   740   540   786   783   480   843   887  1035
C1_235  1990   945   534   781   839   878   888   558   702  1089  1294
C1_235  2000  1685  1315   842   909   537   721   842  1064   621   781
C1_235  2010   719   316 -9999
C1_236  1928    95   320
C1_236  1930   493   689   663   893   436   897  1254  1139  2035  1793
C1_236  1940  1304  1856  1223  1403  1515  1824  2164  1107  1421  1064
C1_236  1950  1034   709   817   986  1797  1709  1420  1046  1053   993
C1_236  1960  1101  1185   994  1205  1265  1320  1336  1381  1362   985
C1_236  1970  1341  1132   811  1375  1149  1467  1140  1248  1227  1354
C1_236  1980  1143  1037  1058  1079  1333  1354   698  1227  1291  1394
C1_236  1990  1457  1001  1194   634  1412  1286  1054  1075  1246  1520
C1_236  2000  2201  1991  1261  1075  1033  1072  1328  1114  1119  1099
C1_236  2010   970   530 -9999
C1_237  1945    60   336   765  1130   640
C1_237  1950   687   693   316   680   802   919   746   700   693   783
C1_237  1960   636   581   509   694   761   538   587   672   522   338
C1_237  1970   684   459   337   693   486   698   488   617   347   631
C1_237  1980   549   496   687   769   835   905   596   880  1366  1489
C1_237  1990   955   645   881   682   832   759   678   724   949   658
C1_237  2000  1313  1204   993   782   550   591   865   910   717   803
C1_237  2010   670   710 -9999
C1_239  1921   154   127    77   109   109   170   123    90    85
C1_239  1930   115   115   230   201   203   340   300   223   298   501
C1_239  1940   271   627   536   702   691   581   587   381   430   507
C1_239  1950   598   509   374   540   464   516   448   492   543   642
C1_239  1960   713   630   502   809   957   610   655  1017   906   848
C1_239  1970  1174  1159   906  1179  1073  1096   952  1182  1035   953
C1_239  1980   929   675   697   716   649   649   417   851   757   639
C1_239  1990   628   455   466   460  1119   859   527   976   789   638
C1_239  2000  1025   855   702   570   621   510   969  1046   755   907
C1_239  2010   710   380 -9999
C1_253  1938    94   335
C1_253  1940   531  1413   804  1843  2027  1842  1652  1140  1073   801
C1_253  1950  1016   952   537   888  1527  1797  1762   979  1097  1170
C1_253  1960  1023  2002  1399  1480  1582  1220  1377  1768  1443   951
C1_253  1970  1234  1546   982  1166  1131  1159  1074   884   525   716
C1_253  1980   634   570   804   825  1122  1037   677   846  1121  1121
C1_253  1990  1013   653   948   674   906   817  1226  1942  1571  1245
C1_253  2000  1556  1202   861   892   520   571   924  1011   839   944
C1_253  2010   868   367 -9999
C1_254  1921     7   557  1255  1229  1073   783   318   459   287
C1_254  1930   224   284   282   321   300   298   160   203   277   200
C1_254  1940   237   707  1310  1571  1703  1584  1464  1138  1365   862
C1_254  1950  1009   716   421   887   929  1415   760   507   718   760
C1_254  1960   676   971   674   864   948   780   801   990   823   633
C1_254  1970   950   904   779  1054  1073  1198  1159  1159   799   990
C1_254  1980   841   759   960   960  1438  1522   951  1206  1734  1672
C1_254  1990  1482   971  1078   741  1206  1206  1164  1310  1560  1473
C1_254  2000  1966  1565  1182  1261   859   859  1255  1211  1159  1309
C1_254  2010  1344   755 -9999
C2_193  1964   209     5   811  1975  1745   655
C2_193  1970  1427  1347  1128  1115  1171  1609  1629  1116   936  1769
C2_193  1980  1625   860  1295  1448  2211  2947  1617  2651  3041  2945
C2_193  1990  2124  1816  1979  1694  2964  2369  1984  2299  3699  2450
C2_193  2000  2995  3149  2139  3284  2804  2154  3116  2256  1702  2054
C2_193  2010  2154  1213 -9999
C2_194  1948    57   791
C2_194  1950   937   705   549  1309  1211  1579  1104  1412  1187  1389
C2_194  1960  1238  1457  1058  1370  1118   967  1196  2056  1440  1131
C2_194  1970  1347  1336  1308  1124  1381  1637  1532  1525  1103  1379
C2_194  1980  1661   873  1226  1302  1241  1516  1071  1330  1220  1408
C2_194  1990  1134  1050  1251   772  1377  1163   794  1369  2226  1145
C2_194  2000  1499  1725  1385  1584  1818  1539  1524  1285  1004  1991
C2_194  2010  1516   712 -9999
C2_198  1955    75   862   984  1061  1355
C2_198  1960  1052   986   865  1138   745   706   585   734   880   796
C2_198  1970  1117  1033  1467  1002   856  1114  1114  1044   901  1088
C2_198  1980  1232   985   983  1295  1151  1299   994  1693  1608  1946
C2_198  1990  1498  1055  1498  1460  2030  1501  1438  1584  2158  1609
C2_198  2000  1945  1890  1134  1221  1162  1437  1416  1099  1076  1453
C2_198  2010  1470   728 -9999
C3_181  1836   124   111   132   402
C3_181  1840   267   298   136   149   105    74   164   155   121   108
C3_181  1850   119   105   124   125   114   190   125   250   146   164
C3_181  1860   205   350   289   227   185   227   186   146   186   225
C3_181  1870   224   345   243   284   263   365   304   182   156    66
C3_181  1880    61    90    85    54    95    55   103    61   114    85
C3_181  1890    64    81    96   110   103    90    96   105   129    76
C3_181  1900   122   229   147   155   129   149   135   156   195   242
C3_181  1910   310   331   261   282   265   345   245   266   225   225
C3_181  1920   123   145   208   186   269   563   475   187   248   289
C3_181  1930   248   391   349   391   432   620   886   966   858  1308
C3_181  1940   955  1662  1043  1218  1917  1411  1074   990  1411  1185
C3_181  1950  1481  1332  1353  1395  1395  1718  1565  1655  1728  1959
C3_181  1960  1670  1290  1480  1671  1439  1439  1037  1418  1185   910
C3_181  1970  1630  1778  1376  1735  1312  1439  1206   972   909   761
C3_181  1980   698   613  1372  1664  1790  1369  1034  2008  2005  1904
C3_181  1990  1354  1672  1672  1355  2391  1797  1947  1736  2180  1862
C3_181  2000  2434  1778  1079  1460  1164  1143  1395  1348  1700  1440
C3_181  2010  1508  1005 -9999
D1_538  1950    26   294   283   465   433   306   264   433   421   586
D1_538  1960   388   881   436   521   643   434   558   971  1092   556
D1_538  1970  1552   936   991   853   698   712   618   859   680  1150
D1_538  1980  1240   778  1540  1942  2617  2675  1378  2410  3792  3416
D1_538  1990  2741  2556  2367  1707  2508  2755  2597  3539  4237  2937
D1_538  2000  3634  3365  1769  2536  2205  2089  2710  2046  1981  2222
D1_538  2010  2095  1075 -9999
D1_541  1948    57   275
D1_541  1950   259   162   217   501   436   398   317   449   454   385
D1_541  1960   576  1197   260   306   273   381   376   417   537   362
D1_541  1970   802   447   527   679   349   944   924  1008   603   937
D1_541  1980  1404   755  1011  1152  1010  1108   986  1868  2684  3883
D1_541  1990  2526  2377  2744  2369  3870  2285  2205  2341  2621  2032
D1_541  2000  2161  1740   806   917  1011  1398  1687  1531  1667  2081
D1_541  2010  1890   929 -9999
D1_543  1956    85   169   591   740
D1_543  1960   804  1205  1074  1529   930   569   464   605   766   576
D1_543  1970   948   504   343   386   183   203   202   183   161   262
D1_543  1980   303   183   417   647   567   695   592   876   819  1068
D1_543  1990   691   504   823   868  1037  1057   802   868  1143  1122
D1_543  2000  1482  1587   951  1267  1156  1392  1728  1613  1522  1744
D1_543  2010  1537  1166 -9999
D2_026  1961     5   319   464   882   714   416   588   546   608
D2_026  1970   757  1182   976   556   746   754  1005   914   621   826
D2_026  1980   750   742   972  1162  1111   944   662  1248  1362  1641
D2_026  1990  1478  1486  1741  1160  2080  1456  1425  2513  2598  1798
D2_026  2000  2473  1796   952  1545  1122  1206  1688  1879  1564  1609
D2_026  2010  1508   933 -9999
D3_177  1890    92   681   459   356   543   371   490   200    90   249
D3_177  1900   128   121   214   135   116   233   243    48   136   125
D3_177  1910    89   146   108   222   281   507   228   151   253   155
D3_177  1920    77    39   103    65   213   403   477   256   341   185
D3_177  1930   150   163   255   221   183   381   471   422   507   759
D3_177  1940   889  1258   457   554   852   798   639   534   596   502
D3_177  1950   563   659   368   576   563   567   374   450   481   526
D3_177  1960   679   609   479   656   672   415   439   767   489   321
D3_177  1970   721   640   579   874   816   650   672   699   565   799
D3_177  1980   606   511   859   737   921   778   497   864   764   745
D3_177  1990   683   515   741   474   894   859   652   653   971   422
D3_177  2000  1162  1226   867   931   762   846  1206  1151   795  1188
D3_177  2010  1017   609 -9999
D3_178  1931    39  1184  1193  1205  1499   867   783  1164  1333
D3_178  1940  1503  2159   671   986  1511  1606  1185   529   676   400
D3_178  1950   502   355   252   423   571   592   422   273   359   486
D3_178  1960   275   380   254   444   338   400   360   592   317   296
D3_178  1970   402   402   339   360   444   444   339   571   317   444
D3_178  1980   443   571   507   570   740   633   318   465   423   296
D3_178  1990   295   148   275   339   402   316   337   210   231   502
D3_178  2000   753   850   676   758   634   594   779   668   645   684
D3_178  2010   583   391 -9999
D3_183  1928    44   378
D3_183  1930   870  1023   594   492   692   979  1042  1028  1026  1206
D3_183  1940  1137  1458   675   885  1173   888   826   571   972   942
D3_183  1950   937   718   542   502   445   705   562   362   362   321
D3_183  1960   504   445   465   746   763   494   588  1079  1013   654
D3_183  1970  1169  1089  1266  1187  1068   743   797   879   530   598
D3_183  1980   566   639   811   608   696   900   652  1348  1245  1076
D3_183  1990   591   866   866   762  1139   909   908   970  1164  1420
D3_183  2000  1818  1820  1225  1480  1163  1237  1719  1311  1257  1487
D3_183  2010  1491   606 -9999
D3_184  1940   286  1030   564   500   784   715   853   588   797   695
D3_184  1950   620   502   503   704   937   925   580   313   291   270
D3_184  1960   267   460   333   539   503   289   330   413   436   291
D3_184  1970   733   733   635   339   485   652   525   482   438   593
D3_184  1980   631   593   952   718   885   993   381   781   844  1197
D3_184  1990   905   862   951   780  1096   904   886  1024  1288   825
D3_184  2000  1470  1415   914   892   829  1086  1609  1297   924  1096
D3_184  2010  1020   495 -9999
A2_213  1981   169   191   380   338   295   232   507   421   567
A2_213  1990   482   539   483   385   310   392   248   434   496   350
A2_213  2000   555   824   372   374   293   439   502   394   397   829
A2_213  2010   289   251 -9999
A2_214  1948   117    95
A2_214  1950   116   116   127   222   127    85   127   177   165   144
A2_214  1960   101   245   184   284   245   184   264   264   286   225
A2_214  1970   329   185   164   207   186   249   249   379   380   338
A2_214  1980   402   232   274   359   296   339   233   508   508   571
A2_214  1990   486   443   780   420   608   610   691   838   901   728
A2_214  2000   985   772   478   724   597   654   863   725   862   834
A2_214  2010   757   860 -9999
A2_215  1941   145   221   335   270   256   260   180   329   354
A2_215  1950   441   348   280   596   408   491   316   520   584   550
A2_215  1960   648   910   759   702   525   394   453   508   653   531
A2_215  1970  1016   558   341   567   280   624   402  1003   514   617
A2_215  1980   713   361   463   519   542   816   465  1297  1003   815
A2_215  1990   822   567  1006   930  1237   764   910   711   953   851
A2_215  2000  1287  1117  1122  1142  1019   926  1837  1108  1295  1543
A2_215  2010  1143   994 -9999
A3_244  1955    76   156   296   317   127
A3_244  1960   127   317   233   296   212    95   148    95    95    95
A3_244  1970   147   126   125   148   157   210   262   357   273   327
A3_244  1980   285   296   423   381   296   339   296   423   317   317
A3_244  1990   211   274   338   338   317   211   212   339   402   359
A3_244  2000   422   567   315   399   462   608   540   333   355   608
A3_244  2010   356   336 -9999
A3_246  1947   128   220   539
A3_246  1950   466   338   317   486   464   379   335   440   399   294
A3_246  1960   273   421   316   211   140   155   189   168   168   168
A3_246  1970   189   173   143   169   108   121   110   166   132   125
A3_246  1980   156   136   157   147   115   167   136   271   250   292
A3_246  1990   230   358   461   480   503   440   398   567   674   400
A3_246  2000   443   719   402   592   507   487   635   592   442   546
A3_246  2010   338   349 -9999
B1_134  1949    79
B1_134  1950   389   374   492   524   520   977   182   565   721   622
B1_134  1960   822   770   624   700   705   437   803   695   750   575
B1_134  1970   898   849   393   572   389   696   676   974  1012  1295
B1_134  1980   940   742   717   637   938   880   633   993   760  1017
B1_134  1990   914   673   731   772  1280   732   776   716   880   810
B1_134  2000  1606  1248   720   691   558   530   731   769   696   989
B1_134  2010   908   610 -9999
B1_135  1940    75   219   358   612   692   535   391   225   268   330
B1_135  1950   331   207   310   310   186   310   434   621   557   331
B1_135  1960   312   584   378   823   445   211   211   317   231   190
B1_135  1970   252   147    85   136   115   262   126   285   233   233
B1_135  1980   233   123   311   240   148   286   179   317   275   227
B1_135  1990    80   391   386   228   258    43   312   791   180   266
B1_135  2000   665   279   415   189   333   277   119   215   315   174
B1_135  2010   165 -9999
B3_090  1980    84   207   312   503   483   441   462   707   517   741
B3_090  1990   716   379   941   552   691   651   567   707   947   641
B3_090  2000   707  1372   540  1044   733  1303  1285   971   901  1190
B3_090  2010  1055   668 -9999
B3_241  1968    73   207
B3_241  1970   303   164   174   173   143   221   224   468   599   833
B3_241  1980  1147  1272  1831  2363  1530  1400   641  1750  1694  1729
B3_241  1990  1144  1325  1883  1424  1569  1236  1048  1780  2168  1491
B3_241  2000  2272  2610  1362  2183  1838  2110  3293  3411  2694  4107
B3_241  2010  4329  1827 -9999
B3_248  1980    51   652  1031  1051  1173  1231   651  1476  1518  1600
B3_248  1990  1041  1020  1124  1186  1254  1275   998  1356  1917  1145
B3_248  2000  2076  2256  1265  1386  1254  1888  1837  1817  1903  1840
B3_248  2010  1989  1038 -9999
B3_249  1975    75   179   234   276   243
B3_249  1980   243   147   402   645   319   344   299   779   961   854
B3_249  1990   654   590  1033   677  1162  1289  1185  1692  1540  1035
B3_249  2000  1311  1756  1034  1170   919  1384  2060  2118  2655  3543
B3_249  2010  2632   588 -9999
C1_231  1944   263   499   966   560   417   237
C1_231  1950   415   255   239   353   338   425   263   191   290   314
C1_231  1960   417   543   387   631   511   329   502   421   464   448
C1_231  1970   791   630   495   526   421   575   571   645   670   771
C1_231  1980   531   468   533   529   598   535   331   540   536   479
C1_231  1990   460   335   336   272   649   377   376   357   502   553
C1_231  2000   825   550   571   656   529   571   720   677   612   591
C1_231  2010   487   177 -9999
C1_232  1892   135   123   116   118   176   121   110   236
C1_232  1900    87   146   169  1144   488   365   431   217   239   219
C1_232  1910   231   188   218   192   261    95   204   249   247   270
C1_232  1920   376   350   303   303   192   305   236   166   216   114
C1_232  1930   146   165   230   153   189   374   333   354   389   429
C1_232  1940   371   398   554   354   396   400   508   621   565   473
C1_232  1950   532   797   372   791   644   733   793   582   603   709
C1_232  1960   852   889   654   706   630   488   303   345   284   245
C1_232  1970   450   467   406   675   368   488   345   366   203   432
C1_232  1980   350   226   508   421   488   666   409   772   569   549
C1_232  1990   679   381   540   376   605   769   440   535   641   601
C1_232  2000  1014  1522   954   841   501   446  1400   860   678   994
C1_232  2010   684   474 -9999
C1_233  1912     4   185   270   352   249   130   201   375
C1_233  1920   231   167   167   120    81    92   125   122   129   125
C1_233  1930   125   145   124   187   166   188   124   139   171   204
C1_233  1940   180   324   263   344   353   412   314   450   656   339
C1_233  1950   430   315   180   293   366   477   381   287   284   374
C1_233  1960   260   379   291   597   447   250   295   379   396   361
C1_233  1970   536   390   400   413   317   293   281   217   245   336
C1_233  1980   354   275   321   307   422   514   260   415   401   347
C1_233  1990   310   160   135   125   210   126   103   131   111   145
C1_233  2000   277   303   182   162   163   149   109    78 -9999
C1_238  1882    99    61   183   209   511   300   410   402
C1_238  1890   257   401   237   174   161    92   106   100   190   211
C1_238  1900   232   145   129   189   231   168   189   147   211   232
C1_238  1910   189   190   115    88    93    78    87    94   123    78
C1_238  1920    78   112   109   100    95    70    45    93   108   110
C1_238  1930   130   146   104   269   111   147   231   168   168   273
C1_238  1940   273   444   287   391   369   347   549   472   507   568
C1_238  1950   365   264   358   432   473   495   477   311   287   225
C1_238  1960   258   196   135   299   335   224   302   429   510   448
C1_238  1970   574   532   394   844   337   416   259   256   217   294
C1_238  1980   238   245   210   160   205   249   179   245   211   226
C1_238  1990   206   174   175   202   328   265   194   195   249   295
C1_238  2000   376   357   335   295   276   367   383   438   376   375
C1_238  2010   387   180 -9999
C2_119  1947    84    94   190
C2_119  1950   412   327   252   445   359   321   373   390   308   154
C2_119  1960   174   206   330   371   268   207   312   375   420   443
C2_119  1970  1101   656   444   444   296   508   487   550   401   717
C2_119  1980   719   614   614   720   381   466   402   720   571   697
C2_119  1990   443   570   866   549   804   446   316   339   340   231
C2_119  2000   677   550   233   444   234   295   381   402   606   601
C2_119  2010   495   405 -9999
C2_123  1957   183  1563  1145
C2_123  1960  1130   621   834   552   272   429   331   554   317   454
C2_123  1970   253   298   158   304   230   385   423   299   246   356
C2_123  1980   520   325   404   425   287   421   328   551   475   361
C2_123  1990   243   367   560   356   439   357   126   147   294   253
C2_123  2000   211   592   148   211   506   738  1079  1228   889  1054
C2_123  2010   794  1108 -9999
C2_196  1956   452   405  1053  1752
C2_196  1960  1650  2240   974   930   613   317   844   952   655   550
C2_196  1970  1099   908   592   740   613   846   825   888   825   883
C2_196  1980  1117   761   846   868   733   629   673  1107  1241  1232
C2_196  1990   842   687   727   528   567   909   525   626   889   283
C2_196  2000   807  1008   444   364   338   392   743   610   500   854
C2_196  2010   602   430 -9999
C3_179  1959   274
C3_179  1960   470   484   302   268   143   128   222   299   169   302
C3_179  1970   265   150   113   246   326   387   234   333   220   180
C3_179  1980   140   162   154   232   266   369   268   627   595   674
C3_179  1990   516   390   512   360   483   367   347   412   403   428
C3_179  2000   524   640   308   267   204   425   382   427   392   408
C3_179  2010   347   330 -9999
C3_180  1978    18   181
C3_180  1980   249   246   259   415   401   266   271   676   528   732
C3_180  1990   473   446  1132   820  1607  1424   855  1358  2012   933
C3_180  2000  1200  1273   764  1109   737  1029  1033   676  1016  1186
C3_180  2010   843   401 -9999
C3_182  1939   130
C3_182  1940   679   998  1716   603   712  1210   814   948   738  1448
C3_182  1950   740   504   463   561   378   535   522   630   527   593
C3_182  1960   292   348   260   339   289   242   122   144   133    94
C3_182  1970   141   114   161   182   217   192   157   190   230   356
C3_182  1980   292   229   293   337   437   296   193   416   376   440
C3_182  1990   358   271   315   253   274   252   336   294   472   557
C3_182  2000   613   689   357   337   296   296   381   296   508   549
C3_182  2010   444   461 -9999
D2_019  1961   134   364   624   494   313   401   643  1381   477
D2_019  1970   410   399   242   125   158   145   113   104    82    81
D2_019  1980   100   120   111   214   178   250   167   370   256   360
D2_019  1990   282   358   394   285   411   436   196   537   832   646
D2_019  2000   725   505   368   340   244   430   365   280   292   240
D2_019  2010   212   185 -9999
D2_023  1956    87   207   528   669
D2_023  1960   613  1591  1176  1038  1149  1147   209   483   782   675
D2_023  1970   930   909   550   444   550   699   570   780   461   724
D2_023  1980   968   646   808   889   834   724   541  1111   988  1033
D2_023  1990   677   614   762   762   656   551   487   635   613   465
D2_023  2000   782  1055   549   760   592   740  1079  1005   981   971
D2_023  2010  1016   942 -9999
D2_025  1966   507   308   198   425
D2_025  1970   339   330   564   348   218   172   100   184   159   213
D2_025  1980    89   106   111   137   200   148    87   146   135   170
D2_025  1990   178   353   417   355   437   570   499   651   424   414
D2_025  2000   622   846   326  1246   382   791   850  1658  1165  1468
D2_025  2010  1150   898 -9999
D3_173  1937   292   677  1058
D3_173  1940   877   295   211   215   127   143   120   222   483   543
D3_173  1950   364   203   390   226   227   102    71    63   154   143
D3_173  1960   144   350   412   578   620   289   393   583   731   459
D3_173  1970   727   383   254   176   121    89    89    97    84    90
D3_173  1980   149   125   112   118   284   434   236   499   534   554
D3_173  1990   537   584  1046   861  1240   821  1052  1070   989   865
D3_173  2000  1395  1287   905  1261   884  1074  1899  1413  1183  1648
D3_173  2010  1566   826 -9999
D3_174  1894    71   106   148   127   183   162
D3_174  1900   296   226   212   176   141   120    92    92    78   113
D3_174  1910   127    95    84    42    60    63    63    77    84   132
D3_174  1920    69    90   159   144   149   116   175   136   264   541
D3_174  1930   432   371   183   156   213   378   331   236   272   507
D3_174  1940   473   566   207   341   773   668   543   114   219    97
D3_174  1950   104    70   104   114   197   185   183   143   164    72
D3_174  1960    91   123   102   203   172   131    90   189   211   227
D3_174  1970   415   151   151   170   114   229   248   250   212   233
D3_174  1980   294   178   316   181   222   342   160   378   273   274
D3_174  1990   272   233   212   231   385   172   286   340   243   280
D3_174  2000   264   181   121   119    62    65   132    88    77   140
D3_174  2010    96    57 -9999
E1_020  1962    52   445   478   902   730   454   463   205
E1_020  1970   354   211   499   965   456   143   233   342   400   150
E1_020  1980   102    81   193    78    85    75    59   140    92   139
E1_020  1990   123   170   254   250   264   157   129   120    98    69
E1_020  2000   108   111   115    99   108    87   202   159   155   113
E1_020  2010    55    64 -9999
E2_524  1984    88   226   195   622   573   585
E2_524  1990   545   605   611   317   656   754   516   769   863   983
E2_524  2000  1183   577   588   503   827  1380  1583  1091   767  1074
E2_524  2010  1272 -9999
E2_525  1974    52   112   205   209   263   227
E2_525  1980   217   204   250   462   344   416   236   831   970  1187
E2_525  1990  1053   931  1226   649   828   944   803  1215  1496  1187
E2_525  2000  1961  1296  1113  1749   849  1105  1476  1277  1492  1450
E2_525  2010  1794 -9999
E3_021  1991   106   639   670  1309  1103   738  1666  2135  1179
E3_021  2000  1609  2440   918  1562  1127  1712  1822  1926  1818  2592
E3_021  2010  1820   866 -9999
F1_547  1986   128   372   487   843
F1_547  1990   714   751  1042  1277   966  1312   952   714  1418  1140
F1_547  2000  1099  1397  1005  1438  1589  2486  2485  2174  2321  1668
F1_547  2010 -9999
F3_011  1975   175   495   683   602   794
F3_011  1980   965   992   791  1461  1017  1151   686  2030  1622  1351
F3_011  1990  1352  1644  2158   885  3077  2114  1393   952  1311   591
F3_011  2000   654   560   735   426   166   301   476   232   161   170
F3_011  2010   142 -9999
G1_012  1975    67   101   360   437   483
G1_012  1980   492   454   283   543   664   987   590  1403  1275  1963
G1_012  1990  1801  1144  1092   749  1191  1139   704  1406  1470  1160
G1_012  2000  1586  1656   707  1454  1518  1925  3616  2794  2836  3026
G1_012  2010  2434  1275 -9999
G2_004  1978    52   145
G2_004  1980   157   251   228   267   268   206   124   374   239   731
G2_004  1990   807   634   692   456   832   828   567  1153   714  1620
G2_004  2000  1977  1014   574   762  1324  2077  3278  3495  3588  4394
G2_004  2010  3556  2025 -9999
G2_010  1973     7   434   645   453   348   237   333
G2_010  1980   552   328   681   697   664  1001   235   295   488   715
G2_010  1990   449   615   518   178   147   199   237   206   533   994
G2_010  2000  1282  1397  1445  1726  1231   994 -9999
G3_475  1987    32   108   209
G3_475  1990   121   154   178   128   237   184   209   405   639   322
G3_475  2000   592   228    95   153   266   184   337   336   231   188
G3_475  2010   122    63 -9999
A1_050  1891    41   249   292   506   405   459   401   525   296
A1_050  1900   228   174   173   182   179   485   865   394   279   424
A1_050  1910   549   239   362   286   244   390   208   189   393   430
A1_050  1920    78    85   143   126   194   272   338   223   300   225
A1_050  1930   255   353   308   228   298   427   439   402   515   610
A1_050  1940   389   450   460   455   485   576   422   407   453   387
A1_050  1950   378   426   320   391   277   721   419   333   291   272
A1_050  1960   441   276   245   429   422   325   382   502   335   335
A1_050  1970   476   455   369   667   529   571   612   579   495   535
A1_050  1980   409   437   385   291   419   629   273   472   452   387
A1_050  1990   419   293   344   208   364   355   356   314   251   271
A1_050  2000   367   346   190   189   189   157   303   284   220   189
A1_050  2010   242   204 -9999
A1_226  1903    60   587   721   659   282   324   423
A1_226  1910   374   312   516   396   318   629   259   216   338   568
A1_226  1920   428   496   653   958   678   561  1197   739   608   527
A1_226  1930   334   667   690   512   554   913  1816  1434  1230   682
A1_226  1940  1058  1213   939   926   937  1283  1106  1072  1010  1033
A1_226  1950   938   968   998  1076   853  1233  1087   939  1181  1126
A1_226  1960  1272  1051   956  1514  1434  1457  1266  1346  1095  1245
A1_226  1970  1435  1199   903  1523  1263  1474  1368  1466  1638  1565
A1_226  1980  1246  1301  1132  1376  1417  1376  1048  1418  1365  1439
A1_226  1990  1363  1227  1227  1025  1459  1277  1448  1359  1455  1264
A1_226  2000  1674  1200   957  1125  1057  1225  1463  1230  1173  1676
A1_226  2010  1278   741 -9999
A3_413  1939    55
A3_413  1940    86   106   109   205    85   256   202   192    85    77
A3_413  1950   104   136   104    83    75    51    73   132   321   110
A3_413  1960   103   106    86   115    95    79    97    80    54    99
A3_413  1970   108   112   107   116   108   188   255   262   212   194
A3_413  1980   236   192   236   247   192   207   178   259   249   392
A3_413  1990   268   200   271   312   278   216   154   289   363   364
A3_413  2000   396   430   370   409   312   394   452   435   376   428
A3_413  2010   272   105 -9999
B3_344  1983    92   124   137    92   174   110   219
B3_344  1990   254   214   248   108   283   162   266   283   334   224
B3_344  2000   617   148   208   596   270   226   512   420   179   143
B3_344  2010   261    92 -9999
D3_264  1976    57   248   269   251
D3_264  1980   314   216   163    86   110    79    81   155   229   250
D3_264  1990   195   139   328   250   330   255   289   338   481   256
D3_264  2000   244   427   138   252   120   312   424   184   129   258
D3_264  2010   255   143 -9999
E3_517  1950  1408   677   846  1193   387   298   338   633   590   829
E3_517  1960   704   738   575   627   941   481   395   497   331   331
E3_517  1970   579   501   551   605   353   389   864   975   517   814
E3_517  1980   643   379   761   466   644   705   455   576   511   573
E3_517  1990   574   748   761   993   734   624   663   615   751   516
E3_517  2000   553   666   536   310 -9999