A1_049  1871    66   296   448   495   379   392   211   167   213
A1_049  1880   156   161   181    75   143   130   124    68    97    64
A1_049  1890    88    94   112   159   151   170   136   212   185    96
A1_049  1900   188   280   131   150   226   336   534   371   336   296
A1_049  1910   168   109   128   200   182   237   162   216   390   442
A1_049  1920   228   177   217   176   386   640   557   675   801   413
A1_049  1930   376   715  1063  1380  1770  1259  1501   701  1094  1049
A1_049  1940  1408  1457  1524  1693  1524  2286  2007  2322  2878  3290 
A1_049  1950  1605  2458  1834  3011  3113  2837  3015  2146  1956  2194 
A1_049  1960  2251  1314  1466  2276  1813  2160  1674  2052  1294  1059
A1_049  1970  1713  1687   608  1181  1578  2189  1858  1960  2009  2318
A1_049  1980  1160  1584  1139  1031  1611  1468   945  1566  1578  1765
A1_049  1990  1313   835   773   847  2174  1460  1778  1496  1817   996
A1_049  2000  1511  1350   959  1315   788   926  1136  1285   991  1133
A1_049  2010   816   126 -9999
A1_052  1895    15   781  1437  1830   895
A1_052  1900  1065  1128   970  1208  1636  1378  1318  1496  1732  1725
A1_052  1910  1539  1186  1189  1679  1398  1272  1378  1654  1910  2029
A1_052  1920  1457  1577  1605  1650  2019  2834  2110  2588  1613  1660
A1_052  1930  1626  1903  2052  2306  2135  2448  3026  2285  2498  2022
A1_052  1940  2016  2681  1773  2582  3153  3336  1742  2322  2845  2968
A1_052  1950  3139  3478  1998  2793  2455  3608  3777  3153  3810  3047
A1_052  1960  2920  2912  2265  2678  1661  3058  2367  1534   847   792
A1_052  1970   687   528   274   730   634   751   677   793   847   804
A1_052  1980   593   497   581   635   592   614   465   655   614   762
A1_052  1990   677   423   508   423   782   655   719   613   634   465
A1_052  2000   782   677   571   444   423   444   571   529   466   487
A1_052  2010   487   296 -9999
D3_168  1945    13  1124  1383  1450   729
D3_168  1950  1773  1575   854  1602  1235  1305   998   845  1080   730
D3_168  1960   823  1053   836  1117  1120  1105   931  1115  1142  1206
D3_168  1970  1556   996   684  1713  1156  1272  1598  1574  1910  1548
D3_168  1980  1786  1532  1627  1427  1565  1586   960  1500  1784  2122
D3_168  1990  1295   958  1134  1248  2183  1192  1438  1027  1209  1059
D3_168  2000  1500  1348   798   987   819   792   979   996  1215  1350
D3_168  2010  1032   668 -9999
D2_024  1975     7   748  1370  1729  2429
D2_024  1980  1757  1519   684  1245   827   960   940   916   765  1086
D2_024  1990   986   769   815   819   963   730   771   692   862   892
D2_024  2000  1079  1038   714  1322   685  1242  1401  1118  1429  1520
D2_024  2010  1879  1226 -9999
D3_167  1962     4   679   723  1454   819  1158  1089  1385
D3_167  1970  1274  1010   782   804   436   276   165    70   184   136
D3_167  1980   507   649   474   451   340   515   712  1163  1042  1314
D3_167  1990   737   542  1010   839  1391   556   870   869  1050  1061
D3_167  2000  1651  1536  1141  2007  1346  1624  1666  1380  1756  1873
D3_167  2010  1540  1262 -9999
D3_170  1979    63 
D3_170  1980   234   314   273   411   348   519   254   645   889   907   
D3_170  1990   909   923   975   821   923   985  1064  1085   944   560   
D3_170  2000   956  1229   854  1125   788  1354  1360  1440  1518  1595  
D3_170  2010  1900   693 -9999
D3_172  1936    77   124   136   263
D3_172  1940   275   464   327   445   328   244   233   283   160   295
D3_172  1950   423   550   223   116   528   242   556   422   843   307
D3_172  1960   388   672   504   446   443   275   253   211   360   592
D3_172  1970   528   381   229   127   314   283   324   316   401   359
D3_172  1980   465   528   382   230   172   212   378   422   338   606
D3_172  1990   494   423   455   302   480   190   178   219   292   294
D3_172  2000   538   413   334   411   372   584   571   317   317   374
D3_172  2010   321   165 -9999
D3_185  1979    12
D3_185  1980   561   965  1356  1485  1585  1553  1585  1689  1754  1862
D3_185  1990  1471  1787  1833  1417  1354  1308  1393  1628  2010  1339
D3_185  2000  2053  2064   992  1713  1122  1143  1862  1672  2114  1878
D3_185  2010  1609  1373 -9999
F1_546  1985   201   254   169   254   294
F1_546  1990   410   357   178    73   105   327   324   379   468   610
F1_546  2000   752   586   307   797   622  1099  1903  1551  2035  1938
F1_546  2010  1561  1260 -9999
F2_545  1984    73    72   103   348   441  1027
F2_545  1990  1168  1516  1074   373   934   563  1193  1491  2116   777
F2_545  2000  1870  1638  1335  1302  1203  1706  2600  2518  2675  2888
F2_545  2010  3585  1938 -9999
