E1_327  1985    98   147   267   771   663
E1_327  1990   218   201   269  1338  3304  1215  1407  2017  3102   690
E1_327  2000  1418  1206   651  1129   820  1046  1246  1251  1808  2381
E1_327  2010  1897   826 -9999
C3_284  1971    21   148  1063   766   370   186   239   753   773
C3_284  1980   852   947  1196   888  1045   920  1170  1326  1845  1613
C3_284  1990  2013  2305  2112  3325  2121  2447  3704  3780  3699  1575
C3_284  2000  3464  3824  2190  3501  1924  2366  2746  2611  3627  3280
C3_284  2010  3547  2208 -9999
B3_264  1952   194   140   150   207    92   386   417   162
B3_264  1960   194   199   119   152   236   317   296   311   139   214
B3_264  1970   245   229   206   386   211   253   211   135   139   169
B3_264  1980    95    84    79   100   169   317   444   656   614   798
B3_264  1990   659   510   614   360   401   253   338   338   380   210
B3_264  2000   294   356   314   565   272   376   456   366   398   667
B3_264  2010   433   324 -9999
D1_348  1976   737   549  1253  1173
D1_348  1980  1240  1002   712   850   927  1145  1018  1144  1277  1487
D1_348  1990  1267  1340  1536   796  1129   795   982  1147  1374   835
D1_348  2000   457   794   899  1273   777  1135  1346  1051  1765  1924
D1_348  2010  1477   761 -9999
D2_196  1980   153   402   514   649   504   189   359   337   462   375
D2_196  1990   234   145   350   311   293   133   187   249   217   115
D2_196  2000   118   584   506   274   506   295   973   995   571   910
D2_196  2010  1048 -9999
F1_356  1982   208   254   308   267   549   537   200   232
F1_356  1990   261   331   335    53    44    53   165   282   158   125
F1_356  2000   252   170   154   355   285   268   523   652   493   523
F1_356  2010   386   192 -9999
G2_283  1983    56    88   106   102    89   184   136
G2_283  1990   135   167   133    73   100    94    69   163   321   521
G2_283  2000   387   657   518  1042   720   828  1559  1237  1034   906
G2_283  2010   564   528 -9999
C2_382  1965   209   242   341   218   346
C2_382  1970   228   290   276   201   248   247   316    83   163   171
C2_382  1980   158   135   199   225   218   163   345   228   347   315
C2_382  1990   311   362   230   294   381   450   216   189   379   412
C2_382  2000   135   247   328   291   270   149    94   253   271   367
C2_382  2010   451   317 -9999
