A3_267  1919   316
A3_267  1920   254   317   698   508   317   169   254   275   416   270
A3_267  1930   420   252   442   380   746   437   676   549   675   316
A3_267  1940   630   733   419   209   628   626   422   422   654   464
A3_267  1950   549   360   317   443   715  1123   173   508   656   529
A3_267  1960   804  1058   677   825   634   634   253   359   401   400
A3_267  1970   589   316   295   464   676   783   508   635   550   614
A3_267  1980   952   571   444   339   402   549   589   652   462   122
A3_267  1990   277   377   500   291   518   579   681   515   802   412
A3_267  2000   598   806   724   786   393   517   558   602   727   624
A3_267  2010   631   550 -9999
A3_270  1919   381
A3_270  1920   379   550   930   804   529   413   598   519   518   558
A3_270  1930   414   395   730   705   873   581   807   644  1205   707
A3_270  1940  1025  1003   603   540   853   875   774   796  1066   731
A3_270  1950   837   440   419   545   942   966   607   639   771   722
A3_270  1960   680  1224   812   876   846   757   672   986   619   918
A3_270  1970   788   384   344   525   673   633   655   800   494   556
A3_270  1980   885   535   660   558   476   476   646   709   498    85
A3_270  1990   480   687   603   374   458   603   682   579   595   246
A3_270  2000   370   515   433   599   352   375   501   546   694   546
A3_270  2010   399   402 -9999
A3_273  1907   614   507   400
A3_273  1910   590   527   550   698   438    65   291   483   460   603
A3_273  1920   454   330   517   394   291   375   355   356   335   294
A3_273  1930   854   457   520   771  1210   961  1068   566   777   462
A3_273  1940   752  1021   854   979   812   942   629   627   797   609
A3_273  1950  1094  1708   992  1670  2208  2215  2208  1667  1689  1095
A3_273  1960   759  1264  1032  1333   931  1014   655  1034   695   820
A3_273  1970   902   293   272   772   878   900   567   864   675   696
A3_273  1980   949   527   718   613   592   634   592   740   592   169
A3_273  1990   423   634   549   232   507   444   676   400   526   231
A3_273  2000   650   778   591   780   591   527   611   506   674   526
A3_273  2010   443   285 -9999
A3_281  1881   204   233   197   173   232   374   288   234   569
A3_281  1890   230   294   183   235   287   310   216   298   204   324
A3_281  1900   222   509   349   381   402   466   380   444   422   673
A3_281  1910   765   535   516   352   207   167   272   356   568   549
A3_281  1920   507   381   550   529   465   317   633   548   421   420
A3_281  1930   399   441   760   831   704   599   831   478   812   439
A3_281  1940   815   792   543   397   545   841   359   401   591   422
A3_281  1950   633   274   316   549   930   994   423   338   571   508
A3_281  1960   487   698   444   613   528   804   720   910   487   402
A3_281  1970   423   190   190   508   571   592   338   609   609   755
A3_281  1980   922   545   735   567   653   608   481   670   419   127
A3_281  1990   314   337   507   211   380   296   381   275   317   190
A3_281  2000   253   421   295   484   316   337   421   358   421   400
A3_281  2010   359   223 -9999
A3_282  1897   115   133   180
A3_282  1900   300   412   273   235   443   479   664   345   302   429
A3_282  1910   308   507   512   606   719   378   172   276   328   655
A3_282  1920   490   461   644   618   537   734   936   824   540   425
A3_282  1930   591   795  1311   884   925   808  1177  1134  1681   955
A3_282  1940  1487  1255   836   845   820  1030   654   910  1249   888
A3_282  1950   677   507   634   867   875  1028   920   943  1008   548
A3_282  1960   621   937   461   839   883   943   602  1202   740  1060
A3_282  1970  1904   796   670  1219  1032  1173   820  1244   993  1077
A3_282  1980  1583   699   847   592   719   910   740   994   824   296
A3_282  1990   528   952   571   296   592   508   635   529   762   360
A3_282  2000   571   592   444   549   401   783  1394  1098  1312  1355
A3_282  2010  1016   508 -9999
B3_259  1728   402   590
B3_259  1730   819   720   695   905  1099   846   951   782   572   549
B3_259  1740   507   654   717   612   825   848   545   739   275   423
B3_259  1750   571   232   127   296   402   444   571   487   336   378
B3_259  1760   608   587   335   504   273   357   377   460   689   541
B3_259  1770   653   638   818  1094   930   951  1183   507   148   189
B3_259  1780   232   318   290   589   656   634   676   760   738   927
B3_259  1790  1310   909   817   676   904   869   642   498   646   355
B3_259  1800   608   668   626   686   803   513   332  1092  2260  1290
B3_259  1810  1189  1434  1236  1095   873   810   747   970   722   763
B3_259  1820   715   448   352   507   108   445   674   545   525   737
B3_259  1830   964  1237   650   713   836   963   420   399   272   313
B3_259  1840   439   355   167   168   126   275   315   253   458   396
B3_259  1850   726   453   704   495   289   557   372   661   248   639
B3_259  1860   526   547   652   654   359   464   548   295   526   716
B3_259  1870   653   611   590   676   591   549   867   465   613   339
B3_259  1880   592   529   697   656   444   508   655   676   528   844
B3_259  1890   593   529   677   113   501   360   317   296   317   296
B3_259  1900   423   529   423   677   613   339   381   466   593   571
B3_259  1910   529   423   486   423   205    91   169   275   444   508
B3_259  1920   465   444   592   614   423   148   360   423   508   360
B3_259  1930   296   444   571   761   761   571   867   487   846   444
B3_259  1940   868   889   550   593   571   698   402   317   614   402
B3_259  1950   571   233   297   356   610   795   586   523   771   456
B3_259  1960   622   953   521   771   708   604   354   543   332   331
B3_259  1970   475   207   146   271   250   396   312   517   494   676
B3_259  1980   609   421   661   491   427   371   354   333   355   333
B3_259  1990   250   279    91   252   234   465   239   436   450   621
B3_259  2000   540   358   302   183   284   428   369   470   569   268
B3_259  2010   144 -9999
B3_310  1921  1034  1662    88   878  1463  1464  1045  1078   695
B3_310  1930   852  1111  1467  1610  1626  1411  1920  1612  1944  1200
B3_310  1940  1996  2169  1243  1038  1217  1540   927   969  1224   951
B3_310  1950   993   570   400   739   922  1005   481   522   647   605
B3_310  1960   835  1736  1173  1536  1115   968   776   794   582   661
B3_310  1970   846   515   537   976   832   730   687  1040   756   810
B3_310  1980  1050   742   871   812   869   967   918   962   755   167
B3_310  1990   418   709   768   288   578   645   958   876  1569   797
B3_310  2000  1298   857   564   981   727  1037  1177  1215  1279  1369
B3_310  2010   977   498 -9999
C2_298  1931   741   275   506  1114  1265   810   582   689   101
C2_298  1940  1188  1964   922   916  1220  1345   830   894  1184   726
C2_298  1950   701   566   547   967   651   737   253   211   253   190
C2_298  1960   232   421   378   462   522   436   372   575   655   458
C2_298  1970   439   357   327   576   381   656   520   715   749   628
C2_298  1980   934   862   759   505   815  1328  1537  1962  1498   808
C2_298  1990   555  1298  1776   566  1575  1498  2148  1459  1662   793
C2_298  2000  1099  1299  1158  1402  1043  1103  1379  1483  2026  1910
C2_298  2010  1603   977 -9999
C2_300  1923    27   979   545   350   625   264    39
C2_300  1930    27    67   422   383   273   195   416   617   619   329
C2_300  1940   480   609   940   537   582   374   311   177   283   294
C2_300  1950   293   158   104    94   252   156   180    95   114   136
C2_300  1960   115   334   333   317   402   380   296   360   508   732
C2_300  1970   981   523   260   719   317   487   528   865  1036  1332
C2_300  1980  1736  1376  1291   910  1016  1312  1122  1985  1672  1000
C2_300  1990   549  1101  1374   684  1680  1349  1714  1314  2007   656
C2_300  2000   762  1413   654   926   780   925  1114  1073  1586  1432
C2_300  2010  1412  1113 -9999
C2_301  1921    21   632   632   401   466   487   212   149    85
C2_301  1930    85   127   275   232   254   509  1120   889   635   614
C2_301  1940  1122  1227   910   656   550   784   571   697   755   629
C2_301  1950   525   547   627   733   586   553    95   128   206   395
C2_301  1960   312   708   440   812   723   998   438   564   746   886
C2_301  1970  1180   545   686   929   980  1003   753  1174  1489  1634
C2_301  1980  1821  1152  1294   748  1029  1775  1659  1682  1621   519
C2_301  1990   726  1203  1182   539  1108  1111  1341  1361  2186   641
C2_301  2000  1161  1256  1521  1523   968   885  1338  1314  1664  1597
C2_301  2010  1437   531 -9999
C2_302  1970   960   945   769  1283   923  1450  1079  1596   973   975
C2_302  1980  1226  1195   779   902  1022  1254  1087  1814  1504  1180
C2_302  1990   666   936  1742   985  1590  1175  1646  1797  1798  1142
C2_302  2000  2266  2219  1608  1809  1438  1693  1886  1532  1643  2005
C2_302  2010  1773  1187 -9999
C3_285  1913   254   466   381   233   275   275   443
C3_285  1920   634   613   591  1113   942   709   590   761   878   562
C3_285  1930   386   255   254   293   214   137   294   294   275   158
C3_285  1940   421   689   347   388   489   469   326   285   346   203
C3_285  1950   513   792   551   778   569   908   190   295   547   567
C3_285  1960   419   826   682   964   963  1035   456   832   557   510
C3_285  1970   952   624   776  1007  1220  1220   785  1342  1365  1558
C3_285  1980  1716  1177  1465  1254  1397  1603  1378  1025   774   315
C3_285  1990   661  1403  1495   758  1431  1156  1711  1836  2271   905
C3_285  2000  1573  1613  1129  1604  1332  1289  1625  1319  1754  1813
C3_285  2010  1599   785 -9999
C3_290  1939   145
C3_290  1940   507   699   552   433   530   401   241   282   321   351
C3_290  1950   124   116   126   209   249   458   348   293   404   294
C3_290  1960   276   593   485   589   869   574   464  1009   626   452
C3_290  1970   793   223   695   872   936  1067   965   979  1128  1046
C3_290  1980  1456   978  1082   669   944   985   900  1185  1228   381
C3_290  1990   868  1332  2241   614  1077  1541  2413  1815  2233  1348
C3_290  2000  1790  2028  1121  1692  1205  1248  1925  1544  1692  1987
C3_290  2010 -9999
C3_291  1966    53  1377   963   785
C3_291  1970   886   450   686   960   650  1367  1147  1433  1305  1279
C3_291  1980  1776  1510  1450  1450  1529  1192  1390  2433  2278  1048
C3_291  1990  1153  2391  3217   439  2227  2054  3384  2498  2584  1501
C3_291  2000  1959  2205  1602  2528  1907  2030  2340  1925  2452  2810
C3_291  2010  2406  1518 -9999
C3_292  1973    21  1100  1797  1016   449  2087  1986
C3_292  1980  1291  1418  1702  1065   675  1354  1825   578  1295   853
C3_292  1990  1113  1138  1204   804  1151   941  1219  1290  1587   550
C3_292  2000   863  1212   733  1008   758  1114  1071   925  1074  1323
C3_292  2010  1027   576 -9999
C3_293  1882   402   656   444   571  1036   581   827   801
C3_293  1890   751   617   568   405   882   296   571   381   401   505
C3_293  1900   295   462   292   527   588   336   479   399   401   612
C3_293  1910   550   570   444   381   275   127   233   360   529   487
C3_293  1920   465   635   614   550   338   317   443   464   442   442
C3_293  1930   336   420   755   916   665   519   903   515   867   556
C3_293  1940  1199  1182   654   697   832  1022   881   800   841   411
C3_293  1950   602   422   418   518   859   922   451   475   564   480
C3_293  1960   480   982   792   964   839   883   631  1116   843   569
C3_293  1970  1052   728   584  1042   892   973   696  1034  1027  1238
C3_293  1980  1324   756   882   818   819   970   696   908   718   214
C3_293  1990   336   571   910   587   922   881   977   828   986   462
C3_293  2000   922   943   647   832   746   766  1015   746  1007  1257
C3_293  2010  1010   494 -9999
A1_312  1943   169   233   275   466   381   117   148
A1_312  1950   243   137   116   106   148   148   231   190   210   252
A1_312  1960   312   268   351   247   239   159   168   169   205   396
A1_312  1970   274   398   231   189   210   315   189   273   315   314
A1_312  1980   419   377   272   377   482   629   461   674   820   189
A1_312  1990   272   250   491   581   822   846   825   720   847   550
A1_312  2000   550   994   923  1151   931   783  1778  2537  2342  1878
A1_312  2010  1393  1016 -9999
A1_316  1942   652  1039   614   550   789   448   162   162
A1_316  1950   265   136   126    64   144   124   222    93    96   262
A1_316  1960    74    85    99    90   112    75    83    63   140   209
A1_316  1970   167   242   112   197   246   380   169   211   169   233
A1_316  1980   360   423   253   216   384   645   415   662  1088   217
A1_316  1990   405   256   500   204   625   715   690   565  1110   563
A1_316  2000   606  1120   971  1262   725   729  1475  1693  1767  1351
A1_316  2010   915   824 -9999
D2_190  1988   125   213
D2_190  1990   124   530   652   468   698   675   920   971   961   536
D2_190  2000   772  1353  1069  1249  1061  1001   865  1409  2134  1900
D2_190  2010  1292  1100 -9999
D2_197  1999   713
D2_197  2000  1825  2057  1883  2424  1877  1757  1401  3179  3514  2269
D2_197  2010  2544  2543 -9999
D3_296  1989   380
D3_296  1990   593   951   317   592   739   832  1032  1376   427   773
D3_296  2000   854   690  1192   664   654  1010  1120  1251  1553  1405
D3_296  2010   616   258 -9999
A2_367  1948   153   249
A2_367  1950   254   169   245   230   168   278   124   146   109   110
A2_367  1960   118   134   186   410   299   377   352   321   623   410
A2_367  1970   480   247   112   141   294   237   303   250   328   294
A2_367  1980   338   293   285   573   281   506   499   427   563   243
A2_367  1990   107   208   372   295   458   338   314   255   186   252
A2_367  2000   250   170   434   190  1040 -9999
B1_293  1939   127
B1_293  1940   263   279   201   200   207   127   194   367   444   172
B1_293  1950   232   293   362   134   174   207   227   160   122   147
B1_293  1960   111   236   132   147   164   222   200   316   338   317
B1_293  1970   439   200   187   174   187   165   297   120   105   174
B1_293  1980   160   100   146   129    84    77    82   126   293   163
B1_293  1990   276   315   184   226   173   123   133   147   234    89
B1_293  2000   123   130   133   113    99   147   155   233   341   361
B1_293  2010   247    90 -9999
C1_266  1980    81   124   127   159   188   378   267   586   561   480
C1_266  1990   451   374   558   128   183   225   230   188   455   166
C1_266  2000   122   423   465   551   367   327   772   809   708   687
C1_266  2010   517   379 -9999
C1_275  1976    21    83    89   120
C1_275  1980   170    94    76    99    61    52   192   132   298   274
C1_275  1990   129   147   109   172   275   187   222   246   507   192
C1_275  2000   210   508   487   593   508   592   901  1184  1008   659
C1_275  2010   721   609 -9999
C2_383  1967   168   126   106
C2_383  1970   127   105   105   209    74    74   116   127   230   232
C2_383  1980   400   242   281   304   212   188   128   125   275   231
C2_383  1990   371   573   222   137   198   542   499   587   585   954
C2_383  2000   609   916   556   764   457   668   838   918   903   822
C2_383  2010   590   338 -9999
C2_384  1976    64   192   166   213
C2_384  1980   127   128   254   191   211   273   128   191   443   232
C2_384  1990   108   212   235   230   213   170   209   235   379   234
C2_384  2000   212   422   339   252   126   151   279   322   170    91
C2_384  2010    77    38 -9999
C2_388  1978    60   147
C2_388  1980   154   133   177   227   345   422   338   749   491   406
C2_388  1990   271   351   326   300   268   294   434   427   520   364
C2_388  2000   443   324   331   495   328   455   468   368   286   374
C2_388  2010   241   124 -9999
C3_224  1980   150   174   202   220   179   228   306   248   521   368
C3_224  1990   243   195   165   228   132   152    76   138   366   126
C3_224  2000   194   332   273   253   148   189   526   504   459   341
C3_224  2010   207   321 -9999
C3_225  1980   255   297   399   557   441   552   396   634   458   373
C3_225  1990   249   415   335   139   194   389   528   543   544   181
C3_225  2000   654   460   397   753   398   482   759   739   569   692
C3_225  2010   656   613 -9999
C3_235  1977   181   164   232
C3_235  1980   374   225   301   297   311   458   311   586   507   360
C3_235  1990   233   233   360   120   324   318   296   317   571   254
C3_235  2000   296   634   486   466   529   550   824   782   804   798
C3_235  2010   577   286 -9999
D1_216  1975    95   100    73    92   210
D1_216  1980   384   205   415    95   358   443   443   801   612   465
D1_216  1990   159   139   336    69   333   184   371   672   502   194
D1_216  2000   318   647   513   385   175   333   273   278   317   335
D1_216  2010   221   174 -9999
D1_221  1968    60    87
D1_221  1970    80    66    61    43    71   104   115    96   135   180
D1_221  1980   228   325   292   211    34   133   236   225   615   467
D1_221  1990   367    84   123   207   104   131   119   314   564   251
D1_221  2000   275   434   482   437   314   561   655   695  1009   805
D1_221  2010   832   440 -9999
D2_393  1996   200   299   344   269
D2_393  2000   314   521   419   527   326   483   503   559   751   807
D2_393  2010   527   423 -9999
D3_306  1982    42   106   107   106   170   485   507   381
D3_306  1990   190   296   444   207   512   423   529   495   900   338
D3_306  2000   635   742   484   910   672   789  1186  1145  1128  1323
D3_306  2010  1597  1008 -9999
D3_309  1992   118   201   119   158   179   468   464   359
D3_309  2000   360   513   269   577   561   581   634   740  1088   864
D3_309  2010   650   479 -9999
E1_317  1982   189   199   284   123   350   181   767   444
E1_317  1990   406   171   273   471   312   285   226   341   793   380
E1_317  2000   489   730   806  1012   807   948   756   825  1156  1676
E1_317  2010  1424   786 -9999
E1_320  1984   684   568   268   386   510   171
E1_320  1990   360   258   214    92    98   107   141   214   282   314
E1_320  2000   541   383   326   223   441   976  1268  1164   735 -9999
