E1_328  1988   592  1518
E1_328  1990  2167  3059  2101   952  2002  1011  1304  1418  1187   774
E1_328  2000  1088  1003   669   534   338   460  1070   596   814  1224
E1_328  2010  1048  1241 -9999
E3_219  1981   354   542   631   567   357   255   537   353   404
E3_219  1990   446   651   642   520  1055   507   613   801   570   739
E3_219  2000   929  1268   759   802   408   796   931  1057   634  1079
E3_219  2010   529   941 -9999
A1_311  1938    23   998
A1_311  1940  1147   946   650   551   836   820  1367  1123  1241   940
A1_311  1950   768   384   389   639   581   734   734   713   754   900
A1_311  1960   816   941   883   969   821  1034   971  1140   992   739
A1_311  1970  1287  1206  1016  1587  1143  1037   995  1416  1159  1305
A1_311  1980   989   946  1047   959   865   905   649   672  1301  1557
A1_311  1990  1255   772  1314   647   998   749   747   725   746   539
A1_311  2000   808   665   473   519   493   410   658   513   464   580
A1_311  2010   423   322 -9999
A1_314  1901    97   204   240   262   328   248   234   390   912
A1_314  1910   718   694   516   751   707   450   942  1023   542   417
A1_314  1920   425   320   278   300   239   177   513   502  1266   878
A1_314  1930   296   772   614   920  1361  1148  1356   963  1201  1596
A1_314  1940  1229  1694   759   926  1302  1201  1019  1102  1361  1663
A1_314  1950  1169  1106  1293  1486  1190  1426  1518  1290   875  1008
A1_314  1960   617   818   398   669   750   646   668   891   756   793
A1_314  1970  1889  2000  1309  1465  1380  1146   807   466   779   626
A1_314  1980   756   859  1113  1206  1534  1146   927  1224  1177  1562
A1_314  1990  1133   903  1061   912  1658   998  1573  1397  1491  1287
A1_314  2000  2032  1622   973  1439  1122  1161  1576  1792  1586  2197
A1_314  2010  2142  2087 -9999
A1_317  1928    65   879
A1_317  1930   932  1366  1421  1065  1093  1011  1411   917  1440  1486
A1_317  1940  1502  1446  1215  1593  1547  1424  1193  1316  1388  1485
A1_317  1950  1504  1527  1228  1353  1272  1437  1301  1287  1108  1026
A1_317  1960   912   812   543  1006   988   716   738  1034   867   846
A1_317  1970  1142   992   654   866   951   931   761   804   740   762
A1_317  1980   593   529   698   593   656   614   550   868   931  1098
A1_317  1990  1035   865   926   780  1075   948  1201   760   825   784
A1_317  2000   866   720   508   422   466   381   550   614   423   550
A1_317  2010   529   613 -9999
A1_318  1938   700  1446
A1_318  1940  1184   854  1032   492  1135  1228  1475  1005  1176  1194
A1_318  1950   881   676   487   655   859  1237  1186   883   678   738
A1_318  1960   638   675   535   554   614   454   591   725   624   507
A1_318  1970   741   572   376   528   457   820   768   562   675   666
A1_318  1980   544   582   762   626   711  1215   719  1189  1218  1309
A1_318  1990  1129   900   986   693  1074   864  1056   951   720   740
A1_318  2000  1121   888   844   759   758   694  1072  1138   908  1076
A1_318  2010  1056  1078 -9999
A1_320  1904    75   370   511   441   712   544
A1_320  1910   368   315    84   144   293   517   209   250   372   559
A1_320  1920   251   312   485   416   415  1102  1051   691   714   443
A1_320  1930   379   502   544   335   376   630   676   805   798   887
A1_320  1940   634   635   592   677   656   846   719   695   586   481
A1_320  1950   593   754   542   638   694   919   879   836  1081   895
A1_320  1960   980   811   603   815   773   585   636   946   758   824
A1_320  1970  1086   777   525   778   754   814   767   762   756   899
A1_320  1980   553   644   660   537   539   582   458   689   564   691
A1_320  1990   754   608   628   518   734   529   674   401   380   482
A1_320  2000   608   483   336   399   379   316   611   569   317   486
A1_320  2010   444   380 -9999
A1_334  1930    74   180   484   613  1025   899   338   603   434   697
A1_334  1940   758  1084   537   411   306   464   316   232   293   377
A1_334  1950   314   188   230   199   136   147   158   158   148   133
A1_334  1960   120   126   190   158    95   191   113   106   141   168
A1_334  1970   337   274   253   295   295   317   317   358   611   549
A1_334  1980   910  1037   910  1249  1164   801   570   676   697   968
A1_334  1990   775   653   719   823  1053   632   759   653   973  1184
A1_334  2000  1860  1523   759  1093  1154  1383  1911  2083  2041  2197
A1_334  2010  1818  1386 -9999
A1_335  1929   359
A1_335  1930   482   969   970   632   908   930  1078  1099   887  1057
A1_335  1940  1015  1162   610   652   990   949   715   839   968   844
A1_335  1950   739  1152  1159  1988  1077  1337   727   656   639   497
A1_335  1960   517   700   474   577   621   476   604   605   543   544
A1_335  1970   712   565   398   754   607   776   609   609   672   629
A1_335  1980   503   714   758   611   737   841   589   800  1029  1093
A1_335  1990   967   610   778   485   843   675   778   653   695   652
A1_335  2000   966   777   630   630   629   607   795   833   643   747
A1_335  2010   657   513 -9999
A2_336  1870   109   575   237   353   270   938   529   354   414   172
A2_336  1880   213   192   174   133   134   170   277   164   242   151
A2_336  1890   342   196   245   294   181   161   122   202   147   147
A2_336  1900   153   168   125   222   306   614   914   480   356   189
A2_336  1910   126   168   105   295   526   463   273   356   230   251
A2_336  1920   251   378   483   588   526   463   441   524   440   293
A2_336  1930   252   316   443   358   253   253   274   401   492   269
A2_336  1940   465   486   381   317   380   549   528   443   359   317
A2_336  1950   359   359   317   317   296   486   381   423   571   663
A2_336  1960   734   804   402   550   472   445   423   480   487   409
A2_336  1970   636   563   380   600   414   452   339   421   423   434
A2_336  1980   337   400   295   274   274   380   274   401   401   527
A2_336  1990   568   295   421   346   347   409   451   252   379   294
A2_336  2000   525   504   356   313   271   345   340   287   257   235
A2_336  2010   257   246 -9999
A2_337  1888    32   297
A2_337  1890   373   279   321   208   261   188   209    94   188   283
A2_337  1900   281   242   316   343   728   689   972   592   676   423
A2_337  1910   337   592   804   781   798   614   487   864   677   924
A2_337  1920   732   839  1037   885   718   973   930   844   823   903
A2_337  1930   815   855   976   852   850   727  1528   986   989  1176
A2_337  1940  1035  1057   656   910  1186  1333  1270  1037  1016   974
A2_337  1950   868   804   868   825   741   973   931   974   994   973
A2_337  1960  1100   698   614   846   825   803   570   844   844   799
A2_337  1970  1010  1133   611   991   675   863   780   674   738   883
A2_337  1980   801   782   592   632   760   677   465   718   864   970
A2_337  1990   949   784   783   720   884   803  1009   901   858   853
A2_337  2000  1196   803   598   644   624   585   767  1448   670   785
A2_337  2010   624   513 -9999
A2_342  1913    53   502   448   327   370   162   141
A2_342  1920   164   297   406   454   645   747   984   632   927   780
A2_342  1930   632  1023   816   670   629   584   708   913   800   759
A2_342  1940   696  1006   578   619   702   746   580   666   686   520
A2_342  1950   582   603   662   931   929  1091   896   770   706   622
A2_342  1960   519   581   441   603   526   572   555   742   556   576
A2_342  1970   824   721   515   736   736   741   575   593   550   710
A2_342  1980   528   568   507   533   480   497   368   653   674   531
A2_342  1990   424   321   378   338   597   454   435   355   434   317
A2_342  2000   498   545   385   467   491   536   707   748   669   794
A2_342  2010   690   620 -9999
A2_343  1883    68   302   468   554   188   172   211
A2_343  1890   212   154   173   211   239   429   568   492   829   502
A2_343  1900   303   424   516   484   470   531   877   633   636   592
A2_343  1910   329   294   252   290   431   386   366   385   401   380
A2_343  1920   457   592   522   853   637   674   697   643   627   471
A2_343  1930   417   616   597   576   317   469   632   542   640   589
A2_343  1940   709   755   492   515   557   682   559   560   498   479
A2_343  1950   500   416   416   414   352   559   538   602   661   648
A2_343  1960   778   688   585   673   467   316   422   422   380   338
A2_343  1970   486   444   232   401   380   421   421   420   378   378
A2_343  1980   315   335   293   252   316   379   294   400   357   463
A2_343  1990   506   295   422   295   401   401   444   317   380   275
A2_343  2000   486   402   233   317   232   253   296   380   338   296
A2_343  2010   275   233 -9999
A2_344  1873    31   466   919   534   276   181   101
A2_344  1880   205   291   349   399   317   375   690   469   657   252
A2_344  1890   276   305   440   745   425   400   463   375   377   238
A2_344  1900   200   278   372   631   826   959  1143   901  1068   853
A2_344  1910   636   591   403   514   581   581   594   703   511   480
A2_344  1920   548   748   808   872   569   587   755   690   793   609
A2_344  1930   528   732   752   793   590   467   627   589   672   716
A2_344  1940   718   878   712   667   750   856   738   738   554   491
A2_344  1950   513   512   573   491   390   573   551   688   730   689
A2_344  1960   730   468   224   429   476   569   431   617   535   575
A2_344  1970   841   738   513   744   582   615   435   538   600   620
A2_344  1980   434   492   411   410   408   408   306   427   427   566
A2_344  1990   585   262   386   358   479   428   490   358   376   477
A2_344  2000   661   598   410   374   371   418   557   407   421   434
A2_344  2010   408   299 -9999
A2_345  1920    39   998   853  1118  1674   910  1250   576   585   630
A2_345  1930   305   597   531   482   482   606  1334  1104   854   942
A2_345  1940   981   856   646   463   424   662   453   391   310   290
A2_345  1950   331   290   328   485   321   491   451   483   404   498
A2_345  1960   393   420   221   323   406   425   365   386   324   264
A2_345  1970   343   223   204   309   185   268   225   248   200   282
A2_345  1980   180   225   268   245   243   362   306   362   524   393
A2_345  1990   309   254   255   298   485   494   585   250   353   252
A2_345  2000   496   514   395   334   376   378   592   604   611   675
A2_345  2010   635   480 -9999
A2_346  1930  1276  1034  1115   804   797   526   526   864   970  1397
A2_346  1940  1205  1603   649   498   933   888   935   672   913   992
A2_346  1950   851   398   543   471   419  1013  1013  1012   837   759
A2_346  1960   761   608   499   657   606   628   709  1012   969   949
A2_346  1970  1152  1169   842  1052   888  1053   866  1085   898  1151
A2_346  1980  1111   820   926   864  1013  1097   822   906  1309  1354
A2_346  1990  1185   994   846   635  1100   825   889   952   973   762
A2_346  2000  1185   910   825   868   720   656   974   825   720   825
A2_346  2010   910   813 -9999
A3_271  1938   145  1260
A3_271  1940  1019   996   429   284   778   827   628   569   979   812
A3_271  1950   413   772   734   606   552   600   484   497   681   472
A3_271  1960   618   802   502   706   636   737   624   569   700   706
A3_271  1970   969   882   794   997   612   862   681   800   817   938
A3_271  1980   839   686   856   890   707   793   709  1001   813  1042
A3_271  1990   963   785  1079   813  1126  1042   984   906  1078   803
A3_271  2000  1142  1206   847  1122   952   889  1670  1817  1755  2095
A3_271  2010  1884  1635 -9999
A3_276  1915     8   653   987   975  1230
A3_276  1920   848   760   493   546   627   561   548   378   339   683
A3_276  1930   341   698  1009  1074   723   585   986   887   985  1028
A3_276  1940  1071  1201   755   720   974   872   646   607   712   607
A3_276  1950   587   673   697   908   847  1079  1101  1333  1397  1523
A3_276  1960  1545  1037   782  1036  1143   889  1185  1353  1139   821
A3_276  1970  1409   982   708  1099   922  1189   821   955   874  1105
A3_276  1980   816   921  1264  1230  1105  1148   877  1366  1137  1223
A3_276  1990  1225  1014  1182  1056  1627  1248  1312  1269  1227   931
A3_276  2000  1604  1223   783   931   677   698  1227  1101   868  1014
A3_276  2010   949   846 -9999
A3_278  1925    44  1544   907   805   664
A3_278  1930   487   750   682   448   287   186   334   459   396   749
A3_278  1940   832   974   661   602  1046  1130   710   543   609   484
A3_278  1950   842   777   545  1308  1515  1763  1070  1090  1182   973
A3_278  1960   804   698   656   762   676   698   677   741   593   508
A3_278  1970   702   589   571   804   762   720   593   614   508   466
A3_278  1980   339   402   508   360   423   571   529   783  1079   804
A3_278  1990   804   593   677   762  1418  1037  1127   693   868   830
A3_278  2000  1327  1034   676   719   614   656   825   762   571   635
A3_278  2010   656   620 -9999
A3_279  1939   147
A3_279  1940   464   507   359   592   720   635   588   915  1023   698
A3_279  1950   907   941  1341  1403  1158  1972  1125   962  1016   671
A3_279  1960  1334  1440  1072  1195  1132  1236  1422  1362  1281  1033
A3_279  1970  1199   877   811   902  1138  1264  1160   886   613   625
A3_279  1980   381   360   467   422   368   465   444   677   487   466
A3_279  1990   359   382   529   550   656   551   613   487   465   317
A3_279  2000   423   444   339   487   317   317   401   380   338   421
A3_279  2010   379   316 -9999
A3_280  1926    36   459   358   470
A3_280  1930   282   443   271   176   238   202   670   487   563   977
A3_280  1940  1095  1186   584   705  1070  1029   873   717   967   938
A3_280  1950   874   577   578   765   499   882   691   690   688   460
A3_280  1960   587   588   378   652   547   461   440   314   191   313
A3_280  1970   271   206   272   505   251   436   380   443   505   400
A3_280  1980   317   294   359   275   296   317   275   508   465   444
A3_280  1990   317   212   444   402   719   485   525   563   578   371
A3_280  2000   859   760   512   428   325   530   555   723   599   828
A3_280  2010   638   640 -9999
B1_322  1911    54   295   456   176   181   262   199   216   156
B1_322  1920   200   175   395   351   383   340   372   264   299   335
B1_322  1930   300   623   446   380   408   648   839   744   506   597
B1_322  1940   322   685   473   272   298   448   363   353   475   543
B1_322  1950   477   462   368   564   508   409   311   187   225   242
B1_322  1960   210   426   264   249   416   292   510   782   579   370
B1_322  1970   631   433   356   453   691   889   550   346   325   370
B1_322  1980   441   311   485   307   464   385   330   522   519   776
B1_322  1990   600   587   619   477   833   489   527   548   842   692
B1_322  2000   986   994   698   698   680   734  1189  1192  1176  1284
B1_322  2010  1080   841 -9999
B1_324  1927   130   608   294
B1_324  1930   393   242   500   577  1202   766   762   519   375   458
B1_324  1940   416   462   413   360   527   758   577   545   735   623
B1_324  1950   850   753   618   642   522   704   564   638   798   660
B1_324  1960   687   544   424   586   568   488   530   740   577   536
B1_324  1970   785   785   496   642   556   943   943  1312  1148  1139
B1_324  1980   979   988   903   693   738   696   465   591   529   529
B1_324  1990   486   338   423   317   485   443   528   401   359   358
B1_324  2000   633   506   464   443   317   380   528   548   421   694
B1_324  2010   589   443 -9999
B1_325  1947   359   910   825
B1_325  1950   614   402   465   788   372   543   335   546   738   949
B1_325  1960  1184  1101   951   931   719   698   571   630   519   610
B1_325  1970   799   588   441   588   420   505   547   567   628   709
B1_325  1980   747   742   473   493   659   682   578   906  1035  1463
B1_325  1990  1064   795   928   825  1481  1078  1179   927   926   566
B1_325  2000  1401  1079   845  1107   925  1151  1760  1620  1481  1749
B1_325  2010  1636  1138 -9999
B1_326  1924    91   863  1159   716   637   761
B1_326  1930   702  1080   680   301   366   332   696   679   671  1176
B1_326  1940  1121  1577   683   455  1267  1083   687   815  1235  1153
B1_326  1950   695   528   677   824   570   738   359   527   632   610
B1_326  1960   588   818   774   920   940   815   882   798   651   649
B1_326  1970   879   795   735   907   845   952   972   889   868  1058
B1_326  1980   867   675   780   800   779  1074   801  1057  1079  1607
B1_326  1990  1352  1077  1072  1007  1308  1077  1249  1163  1269  1015
B1_326  2000  1481  1291   741   974   783   804   994  1182  1198  1553
B1_326  2010  1132   930 -9999
B1_329  1913   126   378  1544   941   591  1067   982
B1_329  1920   745   910   740   507   190   128   168   105   169   169
B1_329  1930   190   381   444   402   401   548   689   627   586   524
B1_329  1940   462   525   358   253   358   294   210   210   292   354
B1_329  1950   249   247   288   490   404   418   319   259   356   236
B1_329  1960   195   272   211   498   496   475   394   542   521   464
B1_329  1970   517   500   353   483   334   260   264   282   301   244
B1_329  1980   283   305   304   247   285   444   348   463   481   713
B1_329  1990   579   489   474   462   723   637   866   849   790   542
B1_329  2000  1027   925   780   886   654   654   717   843   611   693
B1_329  2010   609   587 -9999
B1_330  1945    85   734   590   524   172
B1_330  1950   660   377   414   566   346   564   280   366   446   543
B1_330  1960   639   655   654   715   810   621   544   642   499   631
B1_330  1970  1112   782   689   799   609   524   440   524   585   709
B1_330  1980   878   853   846   783  1121   928   693   988   967  1316
B1_330  1990   945   595   695   670   964   736   789   592   679   404
B1_330  2000  1088   665   612   639   643   757   996  1092  1037  1145
B1_330  2010  1097   733 -9999
B1_331  1925   266   398   585   352   701
B1_331  1930   695   401   506  1119   486   400   412   309   392   496
B1_331  1940   413   544   420   232   380   296   487   508   762   741
B1_331  1950   592   381   402   783   635   847   656   888  1182   612
B1_331  1960   634   571   465   592   571   317   380   464   295   274
B1_331  1970   338   275   254   423   402   444   507   592   486   528
B1_331  1980   549   548   569   463   463   442   379   631   653   759
B1_331  1990   569   422   506   612   867   655   592   698   740   423
B1_331  2000   719   719   423   381   381   402   528   484   400   545
B1_331  2010   482   476 -9999
B2_182  1940    32  1153   761   930  1184   955  1046  1122   981   809
B2_182  1950   770   656   677   868   762   909   656   565   238   324
B2_182  1960   376   356   335   632   635   591   752   814   940   949
B2_182  1970   860   972   826   929   803   803   496   459   538   488
B2_182  1980   510   530   411   414   492   695   733  1016  1078  1629
B2_182  1990  1333  1290  1416  1205  1605  1035   845   993  1289   823
B2_182  2000  1032  1031   820   904   778   672   881   754   627   814
B2_182  2010   707   629 -9999
B2_183  1946    39   809   949   654
B2_183  1950   535   712   690  1030   741   851   576   542   574   536
B2_183  1960   571   474   537   781   823   816   588  1443  1217   929
B2_183  1970  1016  1100   783   698   593   676   650   543   607   693
B2_183  1980   671   690   729   643   846  1033   868   883  1309  1771
B2_183  1990  1398   904   936   815  1276   907  1213   988  1051  1073
B2_183  2000  1465  1346   905  1159  1075   945  1428  1156   925  1057
B2_183  2010   743   879 -9999
B2_186  1951   305  1103   977   868   213   282   395   290   154
B2_186  1960   318   504   588   803   770   614   414   439   344   460
B2_186  1970   983   257   199   488   411   369   430   156   197   218
B2_186  1980   346   279   357   420   444   643   541   834  1037  1320
B2_186  1990   832   332   547   734  1286   818   898   877  1125   716
B2_186  2000  1002   886   457   685   744   779   940  1073  1192  1305
B2_186  2010   939   576 -9999
B2_188  1943    25   670  1908   851   894  1134  1107
B2_188  1950   827   439   326   450   353   609   257   189   291   413
B2_188  1960   315   332   387   367   386   409   441   418   384   346
B2_188  1970   562   715   441   544   675   796   841   974  1013  1237
B2_188  1980  1143   725   889   872   947  1204  1059   919  1709  1439
B2_188  1990  1697  1368  1114   955  1408   925  1045  1051  1018   957
B2_188  2000  1340   916   653   796   617   677   736   756   697   941
B2_188  2010   898   845 -9999
B3_255  1919    23
B3_255  1920   886   577   677  1086   852   679  1132   446   475   259
B3_255  1930   424   591   447   265   143   143   143   227   186   185
B3_255  1940   185   246   224   102   303   363   242   202   282   242
B3_255  1950   326   144   186   249   187   228   166   227   289   410
B3_255  1960   287   370   309   330   309   268   352   435   493   454
B3_255  1970   640   623   520   540   499  1007   915   942  1050   904
B3_255  1980   758   759   506   528   676   761   655   910   868   952
B3_255  1990   868   698   782   634  1098   867   930   825   655   697
B3_255  2000  1224  1071   813   927   654   590   760   949   775  1138
B3_255  2010   800   804 -9999
B3_256  1962   474   577   421   487   437   323   735   608
B3_256  1970   868   730   390   329   333   742   825   873  1129  1057
B3_256  1980   630   627   524   500   580   580   517   655   670   926
B3_256  1990   749   571   658   519   689   597   836   730   610   673
B3_256  2000   897   754   598   851   645   653   718   846   806   755
B3_256  2010   526   637 -9999
B3_257  1904    78   186   241   138   105   138
B3_257  1910   126   165   147   170   214   347   358    83   620   676
B3_257  1920   406   405   441   404   327   339   286   294   369   271
B3_257  1930   233   272   292   468   549   596   605   488   449   592
B3_257  1940   428   551   416   357   437   521   375   654   669   522
B3_257  1950   598   956   692  1118   740   715   459   276   271   257
B3_257  1960   250   317   275   444   423   320   335   359   275   275
B3_257  1970   338   381   296   381   698   783   634   547   461   418
B3_257  1980   271   374   397   376   398   483   506   774   671   626
B3_257  1990   563   353   331   309   578   371   410   446   381   317
B3_257  2000   454   433   317   317   317   296   398   409   354   451
B3_257  2010   411   521 -9999
B3_258  1876   124   115   178   217
B3_258  1880   236   243   224   225   252   140   178   252   297   158
B3_258  1890   210   139   171   177   166   204   210   348   548   340
B3_258  1900   227   371   223   267   281   326   225   269   311   249
B3_258  1910   416   290   186   165   125   205   371   264   224   262
B3_258  1920   319   339   319   318   297   468   449   489   661   510
B3_258  1930   474   392   458   710   901   820   864   781   803   908
B3_258  1940   697   676   550   634   780   755   458   481   543   522
B3_258  1950   590   793   710  1295  1312  1435  1086  1025  1056   915
B3_258  1960  1107   692   483   609   611   421   526   629   440   481
B3_258  1970   481   398   398   628   712   792   854   813   708   734
B3_258  1980   567   631   654   675   677   741   817   772  1107  1127
B3_258  1990   998   704   725   642   952   642   723   710   654   491
B3_258  2000   693   650   469   469   469   510   630   707   617   764
B3_258  2010   624   492 -9999
B3_261  1877   110   253   331
B3_261  1880   278   234   189   357   294   292   456   478   209   252
B3_261  1890   337   547   336   358   709   146   168   104    43    83
B3_261  1900    84   105   146   147   189   189   251   230   189   188
B3_261  1910   146   104   166   166   145   145   207   145   228   203
B3_261  1920   124   175   144   123   206   226   286   266   244   202
B3_261  1930   201   281   322   424   386   430   430   478   626   690
B3_261  1940   547   739   443   317   464   485   359   338   254   233
B3_261  1950   212   275   317   677   423   466   296   296   317   254
B3_261  1960   339   233   254   296   254   233   233   254   275   317
B3_261  1970   381   339   254   296   317   295   316   359   444   423
B3_261  1980   359   464   401   338   463   504   378   524   481   502
B3_261  1990   524   315   357   315   569   359   422   338   317   360
B3_261  2000   614   634   402   381   296   317   465   520   519   609
B3_261  2010   420   434 -9999
B3_263  1897    30   559   304
B3_263  1900   580   433   395   394   600   539   294   271   210   105
B3_263  1910   286   132   146   141   147    75   124   177   217   377
B3_263  1920   273   365   307   363   532   437   495   402   658   571
B3_263  1930   444   556   430   339   362   278   444   337   301   279
B3_263  1940   297   397   345   293   401   594   372   229   415   290
B3_263  1950   272   144   272   551   300   608   382   198   300   278
B3_263  1960   247   204   251   346   374   344   317   473   517   498
B3_263  1970   660   536   339   402   443   401   359   338   381   486
B3_263  1980   402   508   508   423   529   528   317   569   525   524
B3_263  1990   521   498   498   341   777   455   593   488   559   516
B3_263  2000   888   685   547   487   313   326   405   522   370   412
B3_263  2010   333   362 -9999
B3_265  1932   508   465   529   592   825   772  1059  1131
B3_265  1940   958   758   512   463   527   801   717   506   484   398
B3_265  1950   355   358   305   446   646   822   822   801   654   820
B3_265  1960  1024  1188   891   860   901   665   810  1166   770   645
B3_265  1970  1228   231   379   633   549   802   822  1052  1151  1790
B3_265  1980  1564  1829  1774  1889  1962  1843  1086  1665  1907  2140
B3_265  1990  1478  1136  1620  1409  2388  1572  1699  1807  2145  1597
B3_265  2000  2171  1771  1290  1723  1193  1180  1834  1653  1608  1810
B3_265  2010  1524  1175 -9999
B3_309  1899   253
B3_309  1900   782   740   741   844  1125  1299  1076  1120   930   931
B3_309  1910   593   451   708   776  1041   856   822   709   660   677
B3_309  1920   909   961   985   987   841   983  1028   863   779   787
B3_309  1930   769   739   739   634   465   697   781   841   568   842
B3_309  1940   888   909   697   739   928  1032   606   758   592   507
B3_309  1950   508   381   359   538   485   720   653   463   717   739
B3_309  1960   782   673   440  1072  1097  1015   826  1140   843   798
B3_309  1970  1223   780   548  1178   946   990   928   992  1098  1497
B3_309  1980   946  1175   922   881  1038  1083   710   928  1166  1063
B3_309  1990  1403   874   940   604   831   674   849   538   649   548
B3_309  2000  1083   670   521   573   514   432   557   527   333   562
B3_309  2010   406   320 -9999
C2_303  1949   143
C2_303  1950   846   250   331   303   199   382   338   484   488   439
C2_303  1960   460   511   340   266   348   252   212   295   210   217
C2_303  1970   423   354   323   290   234   377   280   383   464   645
C2_303  1980   948   706   592   679   421   623   416   764   740   921
C2_303  1990   841   698   846   789  1212   818   713  1134  1448   935
C2_303  2000  1754  1650  1099  1247   867   929  1243  1473  1538  1561
C2_303  2010  1034   844 -9999
C2_304  1917    10   731   741
C2_304  1920   466   339   339   296   296   339   314   317   296   275
C2_304  1930   254   190   233   444   359   444   566   443   559   457
C2_304  1940   350   309   311   312   188   315   190   211   275   360
C2_304  1950   571   580   497   705   557   591   522   534   592   338
C2_304  1960   444   402   275   423   458   316   415   558   462   478
C2_304  1970   765   402   242   448   396   506   527   461   369   285
C2_304  1980   338   433   510   335   357   466   360   550   590   760
C2_304  1990   718   550   571   569   673   505   717   759   925   694
C2_304  2000   989  1085   909   835   654   899  1248  1227  1103  1349
C2_304  2010   940   746 -9999
C2_307  1936    50   611   527   932
C2_307  1940   741   776   654   445   837   742   690   516   517   360
C2_307  1950   358   224   256   513   424   678   322   427   423   395
C2_307  1960   308   286   265   267   313   341   325   327   348   349
C2_307  1970   438   507   321   455   416   567   451   486   525   553
C2_307  1980   518   541   455   539   441   484   405   628   567   738
C2_307  1990   676   573   633   615   970   642  1004   987  1206   675
C2_307  2000  1287  1139   782   995   804   783   952   889   783   910
C2_307  2010   761   593 -9999
C2_308  1915    86   462   103    99   317
C2_308  1920   650   986  1226   929   694   822   525   416   779   505
C2_308  1930   506   401   357  1092   441   503   611   594   881   903
C2_308  1940   672   824   605   585   871   619  1028  1052  1006   780
C2_308  1950   661   478   517   497   717   862   674   654   512   477
C2_308  1960   495   434   436   560   587   417   437   603   541   563
C2_308  1970   713   693   441   567   508   694   631   589   720   713
C2_308  1980   738   695   675   739   688   840   657  1069  1087  1202
C2_308  1990  1205   938   741   740  1136   725   837   781  1372  1288
C2_308  2000  1672  1185   770  1008   783   770  1111   906   905  1072
C2_308  2010  1093   538 -9999
C3_283  1968    15   704
C3_283  1970  1081  1007   600   731   576   902   690   668   487   696
C3_283  1980  1072   815   891  1157   846   907   628  1067   956  1130
C3_283  1990   875   691  1002  1370  1379  1074   896  1817  2547   944
C3_283  2000  1971  2283  1249  1567  1277  1479  1966  1469  1980  2546
C3_283  2010  2674  1310 -9999
A1_313  1963    52   721   417   350   370   413   287
A1_313  1970   414   235   162   302   331   369   204   204   167   184
A1_313  1980   276   239   549   777   443   501   397   569   646   689
A1_313  1990   367   478   608   740   574   479   328   489   596   552
A1_313  2000   908   721   473   371   310   396   502   440   358   548
A1_313  2010   443   467 -9999
A1_321  1958   572   357
A1_321  1960   409   379   319   419   421   209   336   325   418   237
A1_321  1970   388   260   133   178   172   135   192   178   136   361
A1_321  1980   275   275   317   338   380   357   398   586   544   729
A1_321  1990   594   546   722   460   581   511   484   539   652   249
A1_321  2000   443   601   251   348   388   668   680   821   731   988
A1_321  2010   665  1091 -9999
A2_341  1921    31   340   586   775   317   317   161   212   127
A2_341  1930   117   156   114    54    72   125    99   187   230   335
A2_341  1940   275   444   155   183   466   529   317   296   381   614
A2_341  1950   435   199   332   493   316   463   525   607   475   632
A2_341  1960   585   502   357   524   441   273   294   189   191   209
A2_341  1970   379   238   147   252   185   238   225   251   377   279
A2_341  1980   255   165   275   167   148   168   127   170   232   232
A2_341  1990   126   168   137   274   435   298   240   380   254   211
A2_341  2000   466   339   190   190   315   193   339   529   698   991
A2_341  2010   590   536 -9999
A3_269  1947   381   719   570
A3_269  1950   486   232   337   716   553   751   392   413   580   560
A3_269  1960   478   541   376   477   344   286   399   360   350   367
A3_269  1970   379   295   380   443   422   443   296   380   296   359
A3_269  1980   316   422   359   274   317   317   338   380   419   501
A3_269  1990   431   290   469   410   472   402   423   380   422   295
A3_269  2000   528   401   338   359   316   358   463   442   526   544
A3_269  2010   437   470 -9999
A3_277  1955    52  1195  1417  1538  1472
A3_277  1960   859   670   634    29   423   327   330   358   400   316
A3_277  1970   422   338   232   296   275   381   275   381   444   571
A3_277  1980   508   423   677   487   506   486   266   374   335   333
A3_277  1990   352   152   205   253   359   253   274   296   317   190
A3_277  2000   381   423   275   254   211   296   485   337   274   295
A3_277  2010   274   169 -9999
B1_323  1903    24   291   297   200   393   348   107
B1_323  1910   119   177   207   341   192   236   179   339   475   508
B1_323  1920   316   294   378   320   346   336   221   230   347   183
B1_323  1930   164   261   308   230   285   417   483   373   337   447
B1_323  1940   306   329   246   226   248   397   356   314   293   314
B1_323  1950   251   230   292   313   292   396   174   139   250   230
B1_323  1960   230   230   168   167   147   293   210   294   253   316
B1_323  1970   443   337   295   380   232   254   402   508   423   402
B1_323  1980   381   402   380   359   358   485   421   570   465   655
B1_323  1990   592   507   613   508   761   571   677   507   465   359
B1_323  2000   549   592   359   359   317   380   592   719   508   698
B1_323  2010   423   444 -9999
B1_333  1924   211   148   211   127   190   141
B1_333  1930   134   190   149    97   113    63   190    85   134   163
B1_333  1940   105   212   148   169   169   135    97    85   169   275
B1_333  1950   217   190   253   317   232   254   296   338   211   316
B1_333  1960   211   358   338   444   528   338   471   406   275   253
B1_333  1970   423   190   206   142   176   195   169   233   212   233
B1_333  1980   233   169   254   182    90   122   113   254   254   212
B1_333  1990   106   275   402   402   423   212   169   190   223   113
B1_333  2000   152   402   254   238   106   162   253   169   189   168
B1_333  2010   168   416 -9999
B2_184  1983    93   478   494   477   771   820   973
B2_184  1990   570   441   576   632   254   297   253   922  1311   431
B2_184  2000   306   737   246   825   466   672   922   691   587   841
B2_184  2010   425   360 -9999
B2_185  1962   212   378   400   489   125   352   849   592
B2_185  1970   227   435   183   292   283   430   346   257   118   178
B2_185  1980   236   255   359   418   421   582   473   872   951  1076
B2_185  1990   994   931  1143  1185   971   781   464   759   823   486
B2_185  2000   549   739   359   485   316   527   656   550   741   930
B2_185  2010   675   662 -9999
B2_187  1982    63   360   650   714   420   800   864   904
B2_187  1990   734   522   667   924   786   991   527   894  1000   614
B2_187  2000   801   971   333   776   644  1096  1119  1328  1476  1476
B2_187  2010  1375   887 -9999
B2_275  1966   339  1438  1269  1287
B2_275  1970  1536  1567  1070  1153   930  1058  1037   846  1194   957
B2_275  1980   925   652   818   966  1084  1083   827   949  1112  1146
B2_275  1990  1055   676   676   634   909   741   783  1016  1418   825
B2_275  2000  1333  1224   843   825   559   624   887   820   696   876
B2_275  2010   837   650 -9999
B3_260  1926    63   138   152   189
B3_260  1930   167   206   111   127   127   148   275   190   317   381
B3_260  1940   296   550   339   423   381   360   190   169   190   190
B3_260  1950   253   149   169   189   190   190   127   232   274   190
B3_260  1960   189   211   316   358   379   252   295   316   380   274
B3_260  1970   590   337   274   253   170   211   212   253   212   274
B3_260  1980   338   423   570   528   528   613   402   762   783  1056
B3_260  1990  1013   675   866   697   783   423   317   381   296   444
B3_260  2000   549   698   444   676   633   527   695   569   690   677
B3_260  2010   443   804 -9999
B3_262  1924   139   432   360   200   287   327
B3_262  1930   244   381   277   294   358   413   778   751   616   942
B3_262  1940   794   869   339   209   818   747   617   281   794   872
B3_262  1950   862   543   473   418   459   773   700   628   716   400
B3_262  1960   431   529   365   670   589   413   358   331   211   197
B3_262  1970   306   207   158   125   115   126    68   128   155   120
B3_262  1980    67   114   255    92   143   167   125   186   319   330
B3_262  1990   262   194   368   243   340   264   217   222   225   170
B3_262  2000   267   425   427   433   413   303   698   739   727   640
B3_262  2010   360   336 -9999
B3_266  1934    63   677   698   593   866   849
B3_266  1940   698   847   560   706   648   586   460   522   583   378
B3_266  1950   398   501   270   596   586   664   613   317   380   359
B3_266  1960   379   463   252   378   441   294   567   777   672   504
B3_266  1970   567   564   198   206   267   340   358   400   443   507
B3_266  1980   380   359   528   529   717   547   420   755   692   650
B3_266  1990   608   377   733   545   860   651   798   839   650   566
B3_266  2000  1047   915   701   821   785   808   859   986   757   842
B3_266  2010   741   529 -9999
C2_297  1926   155   224   212   262
C2_297  1930   263   234   158   198   197   118   140   120   218   381
C2_297  1940   232   268   193   294   345   270   326   286   321   222
C2_297  1950   242   199   255   276   117   195   140   256    99   138
C2_297  1960   119   140   180   200   139   221   257   281   161   240
C2_297  1970   283   141   140   279   141   198   119   198   160   253
C2_297  1980   236   195   253   178   212   156    96   296   237   367
C2_297  1990   216   195   238   313   336   281   319   338   436   284
C2_297  2000   462   598   331   545   434   431   391   369   333   368
C2_297  2010   270   248 -9999
C2_299  1922    44   151   231    99   153   178   246   133
C2_299  1930   117    95   122   107   367   286   321   160   221   346
C2_299  1940   464   334   359   360   487   360   301   272   296   340
C2_299  1950   353   310   428   415   251   674   403   716   571   369
C2_299  1960   344   327   213   277   386   265   204   306   225   266
C2_299  1970   334   253   253   296   169   275   275   359   338   402
C2_299  1980   381   317   487   360   317   339   254   339   317   402
C2_299  1990   254   169   232   277   235   277   309   338   444   296
C2_299  2000   444   465   333   301   253   190   252   252   147   195
C2_299  2010   174   144 -9999
C2_306  1943   634   773   389   287   337   594   587
C2_306  1950   525   267   461   416   334   484   166   232   375   261
C2_306  1960   333   380   305   413   465   230   189   335   355   352
C2_306  1970   393   310   571   512   359   686   416   337   673   780
C2_306  1980  1015   550   677   655   485   569   379   631   705   641
C2_306  1990   738   551   532   355   674   414   452   675   761   273
C2_306  2000  1073  1168   923  1433   950  1098  1603  1366  1345  1557
C2_306  2010  1107   416 -9999
C3_287  1956   425  1549  1355   905
C3_287  1960   514   520   354   564   576   443   469   493   559   745
C3_287  1970   877   594   366   549   345   732   366   326   344   493
C3_287  1980   520   347   470   560   374   582   525   714   797   750
C3_287  1990   925  1116  1286   831  1004   440  1056   827   528   591
C3_287  2000   820   772   622   498   665   485   783   731   659   650
C3_287  2010   559   915 -9999
C3_288  1964   117   362   438   944   931   529
C3_288  1970  1154  1011   756  1085   449   496   290   314   322   401
C3_288  1980   261   278   283   188   177    98   248   414   746   730
C3_288  1990   749   753   654   664   876   523   527   735   755   365
C3_288  2000   588   816   366   466   475   482   447   436   553   695
C3_288  2010   462   549 -9999
D1_349  1963   655  1078   654   632   970   885   632
D1_349  1970   738   529   444   402   339   360   593   783   698   741
D1_349  1980   846   846   720   614   444   423   402   549   569   548
D1_349  1990   483   588   903   904   960   541   643   943  1022   860
D1_349  2000   907  1143   771   912   893  1242  1139  1121  1478  1419
D1_349  2010   919   877 -9999
D2_189  1978    65   402
D2_189  1980   426   266   373   459   452   587   730   852  1003  1012
D2_189  1990  1321  1046  1547   952   712   675   985  1324  1091   707
D2_189  2000  1556  1315   563   824   765  1464  1743  1054  1413  1698
D2_189  2010  1376 -9999
D2_191  1991    42   424   286   717   490   529   524   538   414
D2_191  2000   746   906   633   884   800  1560  1396  1290  2093  2346
D2_191  2010  1566  1614 -9999
D2_192  1979    56
D2_192  1980   268   208   479   399   590   550   466   590   843   761
D2_192  1990   571   847   822   888   824   906   672   840   715   399
D2_192  2000   358   544   146   399   209   670   797   674  1075  1374
D2_192  2010   929   402 -9999
D3_218  1989   422
D3_218  1990   947  1291  1333   814  1358   859  1504  2024  1235   832
D3_218  2000  1073  1010   919   977   861  1390  1905  2087  2281  2551
D3_218  2010  2120  1853 -9999
D3_247  1989    37
D3_247  1990  1076  1335  1092   692   667   744  1011  1503  1536   891
D3_247  2000  1037  1223   912  1336   810  1403  1346  1309  1270  1498
D3_247  2010  1164  1180 -9999
D3_295  1972    83   332   348   359   813   603   602   529
D3_295  1980   799   358   833   593   190   275   312   407   635   804
D3_295  1990   465   886   951  1035  1116  1049   857  1261  1303   462
D3_295  2000   569  1093   461   480   313   575   206   309   438   417
D3_295  2010   374   162 -9999
E3_218  1989   543
E3_218  1990   888  1332  1264   971  1339   881  1592  2305  1158   847
E3_218  2000  1035  1035   871  1266   960  1360  1920  2061  2274  2499
E3_218  2010  2117  2084 -9999
C1_276  1930    42   225   296   229   186   198   145   172   216   234
C1_276  1940   355   524   327   320   373   418   509   363   479   438
C1_276  1950   459   566   405   520   453   490   484   438   712   504
C1_276  1960   744   782   543   685   725   542   731   767   833   751
C1_276  1970  1052   839   778  1095   725   667   634   390   514   234
C1_276  1980   118   109    98    79    76    93   128   302   182   180
C1_276  1990   111   116   100   232   216   297   255   399   410   324
C1_276  2000   534   643   352   537   493   575   737   798   493   749
C1_276  2010   667   349 -9999
E1_322  1986    21   326   233   174
E1_322  1990   239   179   317   252   194   235   237   463   287   373
E1_322  2000   374   204   150   215   121   156   254   463   229   181
E1_322  2010   275   234 -9999
F1_352  1984    63   231   231   210   238   167
F1_352  1990    95    99    99    82    69   117   215   134   136   168
F1_352  2000   432  1067   250   491   368   191   110   131   142   170
F1_352  2010   201   197 -9999
F2_365  1939    15
F2_365  1940   241   308   303   340   429   294   300   220   278   312
F2_365  1950   194   202   231   231   179   307   226   147   184   213
F2_365  1960   150   129   122   156   128   142   122   133    98   218
F2_365  1970   136   100    79   108    71    89    66   181   114   156
F2_365  1980    51    43    43    57    62    93    75    69    91    56
F2_365  1990    62    60    94    89    99   170   157    89    88    55
F2_365  2000   136   109    75   137   119   104   136   122   105   180
F2_365  2010   116   131 -9999
A3_442  1959    47
A3_442  1960   161   696   495   348   210   140   241   228   201   246
A3_442  1970   280   308   221   200   207   211   217   255   237   313
A3_442  1980   115    95    95   107   172   166   281   153   245   213
A3_442  1990   294   214   219   212   187   137   129   220   400   204
A3_442  2000   204   284   158   126   131   260   356   264   234   245
A3_442  2010   185   151 -9999
B1_296  1974    30   120   127   199   200   215
B1_296  1980   125   107   131   121   147   255   242   200   294   253
B1_296  1990   344   402   443   283   507   337   233   196   192    90
B1_296  2000   156   174   125    88    63    68   164   148   127   181
B1_296  2010   141   154 -9999