A1_003  1924   719   718   760   888  2189  1912
A1_003  1930  1767  2016  2242  2338  2811  2739  2783  2592  3632  3217
A1_003  1940  3253  4267  3298  3490  4334  4165  3129  3615  3385  3023
A1_003  1950  3062  2745  2470  2771  2092  1981  2326  2617  3552  2259
A1_003  1960  2557  2107  1435  2008  2180  1566  1966  2243  1460  1016
A1_003  1970  2138  1333  1164   931  1373  1606  1225  1606  1501  1394
A1_003  1980  1290  1269  1016  1037  1162   697   613   888  1036  1206
A1_003  1990   972   592   825   634   761   909   529   571   866   697
A1_003  2000   550   635   634   593   465   380   567   485   359   422
A1_003  2010   423   359   359   401   295   230   292   396 -9999
A1_006  1932  1630  2264  3083  1887  2602  1703  2067  1497
A1_006  1940  1727  1821  1913  1951  2374  2625  1466  1968  1695  1768
A1_006  1950  1556  1768  1896  2197  1671  2387  2578  1755  2494  1712
A1_006  1960  2389  2176  1372  1453  1050  1700  1239  2081  1371  1183
A1_006  1970  1630   889   868  1182  1245  1559  1303  1242  1181  1310
A1_006  1980   782   952   846   719   973   973   444   740   613   846
A1_006  1990   634   381   466   339   824   613   634   529   719   444
A1_006  2000   571   635   550   550   566   250   347   360   349   292
A1_006  2010   332   128   254   275   252   253   156   423 -9999
A1_007  1912  1361   968   992   811   994   631  1585  1584
A1_007  1920   852   926   720   836  1232  1447  1210   896  1059   764
A1_007  1930  1149  1277  1048  1108  1644  1364  1468  1216  1511  1558
A1_007  1940  1433  2041  1469  1670  1920  2258  1692  1696  1564  1559
A1_007  1950  1340  1291  1398  1459  1153  1044  1396  1187  1442  1429
A1_007  1960  1197  1558  1573  1913  2492  1633  1730  3643  2155  1510
A1_007  1970  1995  1379  1220   967  1054  1182  1372  1689  1473  1558
A1_007  1980  1560  2047  1371  2003  1581  1560  1244  1749  1853  1748
A1_007  1990  1507  1071  1300  1011  1619  1053   884   905  1326   854
A1_007  2000  1145  1239   966   907   697   909  1183  1136   652   715
A1_007  2010   946   923  1002   835   501   604   727   819 -9999
A1_011  1966   289   410   367   458
A1_011  1970   381   284   379   515   261   625   382   327   419   544
A1_011  1980   535   475   421   278   253   217   199   400   335   312
A1_011  1990   270   629   838   480   421   424   461   632   823   506
A1_011  2000   422   633   295   422   444   486   550   614   508   889
A1_011  2010   720   698   991   914   989  1072   901   548 -9999
A2_002  1974   719  1778   938  1256   656   824
A2_002  1980  1328   737  1322  1188  1138  1140   718  1524  1638  1930
A2_002  1990  1160   802  1349  1072  1597  1424  1629  1961  2287  1908
A2_002  2000  1823  1558  1179  1369  1115  1076  1462  1376  1268  1545
A2_002  2010  1520  1164  1365  1295  1429  1629  1649  1804 -9999
A2_003  1976   846   444   697   907
A2_003  1980   508   696   572   632   776   736  1503   508   614   889
A2_003  1990   761   865  1628  1312  1217  1375  1148  1844  2469  1816
A2_003  2000  1974  1814   921  1612  1340  1462  1298  1511  1599  1653
A2_003  2010  1234  1432  3080  2574  2712  2190  2603  2644 -9999
A2_005  1930   571  1260   613  1012   778  1152  2780  2270  2237  1897
A2_005  1940  1882  2297  1967  2114  2437  2333  1988  2504  2691  2446
A2_005  1950  2341  1957  2029  2006  1540  1859  1776  1998  1935  1332
A2_005  1960  1142  1681  1294  1575  1512  1323  1426  1848  1314  1002
A2_005  1970  1441  1089   732   566   553  1036  1179  1071   685  1796
A2_005  1980   800   678   487  1062   641   817  1010  1395  1307  1185
A2_005  1990  1569  1708  1640   962  1433  1175  1020  1146  1343  1199
A2_005  2000  1742  1561  1050  1234  1352  1051  1367  1262   944  1167
A2_005  2010  1139   778   961   763   652   655   704   869 -9999
A2_011  1967   190   636   477
A2_011  1970   890   604   683   325   317   540   349   601   380   476
A2_011  1980   762   317   495   685   411   667   545  1210  1135   993
A2_011  1990   616   556  1142  1202   866   857   544   961  1309   659
A2_011  2000   839  1454   955  1294  1376  1454  1867  1838  1774  1776
A2_011  2010  1703  1618  2252  2251  2346  2212  1643  2267 -9999
A2_012  1960   189   380   316   443   412   254   176   269   445   315
A2_012  1970   440   318   251   220   251   470   436   744   433   709
A2_012  1980   891   680   901  1145   676   829   704  1160   940   813
A2_012  1990   617   622   945   848   913   912   756  1066  1287   754
A2_012  2000   754   726   537   441   346   196   374   503   252   252
A2_012  2010   189   189   249   218   185   164   238   270 -9999
A2_013  1978   285   411
A2_013  1980   411   411   660   391   638   490   365   517   611   460
A2_013  1990   896   968   545   596   563   502   709   713   424   394
A2_013  2000   662   316   314   283   285   378   231   198   245   226
A2_013  2010   204   144   291   446   434   453   287   245 -9999
B1_002  1931   571  1619  1794  1710  1839  1716  1612  1994  1534
B1_002  1940  1358  1370   916  1081  1100  1323  1171  1111  1521  1470
B1_002  1950  1486  1549  1593  1520  1378  1640  1113  1091  1279  1120
B1_002  1960  1324  1283  1179  1512  1472  1335  1589  2318  1455  1269
B1_002  1970  1862  1270  1122  1544  1586  1671  1481  1884  1778  1799
B1_002  1980  1185  1460  1439  1651  1566  1227   952  1373  1306  1554
B1_002  1990  1254   899   983   774  1236   908   938  1055  1205   888
B1_002  2000  1101   910   677   720   529   529   761   633   463   652
B1_002  2010   566   450   356   221   622   559   391   713 -9999
B1_003  1945  1735  1180   803  1867  1693
B1_003  1950  1519  1620  1503  1990  1228  1534  1447  2032  2307  1650
B1_003  1960   897  1723  1371  1308  1185  1314  1673  2172  1437   949
B1_003  1970  1460  1116  1093   961  1186  1723  1672  1908  1521  1794
B1_003  1980  1668  1988  1558  1878  1787  2222  2017  2093  2240  2112
B1_003  1990  2139  1724  2023  1244  2321  1677  1698  1730  2420  1773
B1_003  2000  1445  3061  2550  2496  2390  1772  2427  2005  1491  1950
B1_003  2010  1937  1619  2041  2106  2139  2240  1660  2584 -9999
B1_004  1892   322   450   267   352   341   568   698   505
B1_004  1900   358   527   608   762   443   809  1204   801  1700  1444
B1_004  1910  1137  1037  1492  1463  1524  2202  1264  2030  2222  2094
B1_004  1920  1269  1799  1672  1807  1775  2326  2489  2300  2702  2048
B1_004  1930  2381  2723  3205  3553  3913  3955  3803  2805  2920  2554
B1_004  1940  2812  3997  1947  2688  3384  3610  2694  3345  2691  2665
B1_004  1950  2921  3047  2789  3150  2051  1753  2390  2879  3006  2540
B1_004  1960  1905  1926  1799  1905  1926  1481  2115  2751  1968  1397
B1_004  1970  2201  1863  1650  1819  1689  1793  1395  1714  1693  1482
B1_004  1980  1227  1331  1118  1266  1393  1354  1058  1333  1566  1619
B1_004  1990  1135   925  1138   886   908   803   698   868  1291   995
B1_004  2000  1058  1122   762   741   466   466   719   592   380   444
B1_004  2010   444   381   571   507   359   359   338   410 -9999
B1_005  1916   869   593   963  1131
B1_005  1920   788  1168  1257  1443  1712  1940  1471  1164  2050  1543
B1_005  1930  1459  1608  1968  1689  2016  1922  2751  2131  2215  1832
B1_005  1940  1436  2306  1752  2161  2406  2560  1770  1874  1852  1749
B1_005  1950  1925  1355  1343  1772  1215  1386  1493  1872  1996  1271
B1_005  1960   978  1083   855  1106  1095  1085  1122  1702  1173   689
B1_005  1970  1442   983   651   672   734   758   873   968   910   825
B1_005  1980   741   952   740   804   761   656   549   969  1054   970
B1_005  1990   950   738   614   528   958   882   782   825   909   845
B1_005  2000   952   931   762   847   720   698   886   700   443   571
B1_005  2010   720   614   783   677   381   571   762  1108 -9999
B1_008  1923  1020  1536  2075  1846  1727  1791  1688
B1_008  1930  2011  1757  1815  1867  2415  2764  2153  1629  1502  1486
B1_008  1940  1618  1821  1376  1950  1515  1804  1602  1789  1659  1328
B1_008  1950  1401  1502  1110  1498  1310  1374  1048   841  1216  1274
B1_008  1960  1476  1372  1145  1176  1321  1069  1036  1106   988   755
B1_008  1970  1306  1038   608   709   831  1054  1091   928   987  1044
B1_008  1980   821   851   767   782   977   703   696   719   866   949
B1_008  1990   886   612   717   569   569   799   504   733   911   862
B1_008  2000   820   797   866   774   730   653   647   770   626   678
B1_008  2010   602   605   627   839   689   842   611   596 -9999
B2_001  1939  1554
B2_001  1940  1682  1267  1016  1320  1443  1632  1222  1238  1492  1036
B2_001  1950  1087   964   856  1175   961   901   658   847   972   845
B2_001  1960   564   847   657   811   779   456   565   926   714   403
B2_001  1970   621   622   467   781   969  1037  1005  1165  1264  1204
B2_001  1980   824  1016  1047   984   919   634   506   723   808   748
B2_001  1990   810   468   439   314   440   599   442   316   442   411
B2_001  2000   665   633   698   730   603   540   730   761   618   809
B2_001  2010   650   792   937   808   680   808   665   952 -9999
B2_003  1939   413
B2_003  1940  1587  2122  1982  1582   913  2385  1760  2030  2201  1961
B2_003  1950  2203  1960  1662  2424  1781  1750  1593  1886  2086  2075
B2_003  1960  1671  1502  1228  1412  1608  1242  1428  1968  1505  1287
B2_003  1970  1631  1441  1449  1678  1486  1497  1648  1799  2020  2110
B2_003  1980  1655  1731  1694  1980  1955  2281  1902  1999  1681  1936
B2_003  1990  1587   984  1301  1142  1555  1174   920  1077  1170   980
B2_003  2000  1107   979   789   883   853   883  1111   730   539   697
B2_003  2010   539   475   570   475   505   536   474   582 -9999
B2_005  1926   600  1908  3662  2212
B2_005  1930  2169  2670  2107  2448  2093  2441  2507  2075  2266  2016
B2_005  1940  2311  2491  1755  1916  2198  2214  1610  1856  1895  1933
B2_005  1950  1971  1893  1693  2102  1644  1561  1497  1494  1984  1587
B2_005  1960  1435  1768  1489  1803  1704  1327  1502  1898  1514   961
B2_005  1970  2047  1364  1118  1214  1245  1623  1648  1778  1690  1621
B2_005  1980  1284  1771  1387  1562  1556  1259   960  1493  1446  1779
B2_005  1990  1796  1426  1531  1034  2189  1866  1752  1549  2167  1697
B2_005  2000  1689  1923  1557  1805  1713  1430  1855  1763  1243  1513
B2_005  2010  1604  1355  1642  1483  1546  1578  1296  1868 -9999
B2_006_ 1920  1653  1920  2776  2423  2605  2346  2263  2134  1901  1907
B2_006_ 1930  1970  2151  1914  2123  2491  3046  3847  3146  3347  2438
B2_006_ 1940  2279  2951  2460  2657  2820  3260  1806  2487  2323  1852
B2_006_ 1950  2379  2173  1767  2351  1739  2529  2444  2639  3303  2265
B2_006_ 1960  2077  1512  1260  1732  1732  1858  1953  2634  1854  1449
B2_006_ 1970  2765  2119  1646  2049  1856  2268  2150  2063  2407  2188
B2_006_ 1980  1373  1807  1719  1693  2163  1755  1254  1558  1932  2306
B2_006_ 1990  2056  1402  1527  1029  1736  1483  1226  1226  1410  1392
B2_006_ 2000  1497  1558  1433  1432   934   750  1377  1183   935  1312
B2_006_ 2010  1409  1064  1471   962   896  1082   927  1321 -9999
B2_007  1954   338   339   180   285   360   275
B2_007  1960   318   508   487   508   719   769   740   719   803  1434
B2_007  1970  1657  1274  1075  1054   880  1306   929  1228  1409  1159
B2_007  1980  1204  1164  1143   994   864   640   562   713   716   804
B2_007  1990   408   199   536   487   794   447   731   734   588   421
B2_007  2000   453   455   422   444   275   296   486   486   353   324
B2_007  2010   381   487  1894  1816  1509  1316   866   974 -9999
B2_008  1933  1224   762  1118   919   628   576   521
B2_008  1940   484   549   337   550   467   383   296   211   190   232
B2_008  1950   232   253   211   311   199   149   109    74   131   161
B2_008  1960    98   250   402   544   621   732   992  1181   783   639
B2_008  1970   865   962   934   587   734   630   588   608   559   578
B2_008  1980   507   518   539   519   541   563   378   589   738   782
B2_008  1990   613   614   578   466   717   617   715   780   690   727
B2_008  2000   750   670   904   923   872   709   764   741   622   794
B2_008  2010   774   733   956   889   799   714   657   881 -9999
B2_010  1941  1710  1393  1483  1572  1758   720  1086  1086  1336
B2_010  1950  1087  1048   967  1345  1131  1367   928   851  1343  1357
B2_010  1960  1212  1375  1251  1372  1426  1262  1162  1273  1025   711
B2_010  1970  1818  1167   592  1039  1011  1830  1545  1594  1346  1397
B2_010  1980  1175  1267  1284  1142  1667   968   883  1470  1877  1879
B2_010  1990  1710  1077  1564   904  1499  1633  1058  1375  1503  1396
B2_010  2000  1924  1943  1563  1564  1247   952  1499  1401   935   956
B2_010  2010   996   822   725  1381  1049  1469  1007  1502 -9999
C1_002  1947   317   413   338
C1_002  1950   158   134   120   105   116   106   116   106   169   136
C1_002  1960   302   291   187   292   376   355   358   303   225   204
C1_002  1970   368   289   287   265   120   430   346   741   786   729
C1_002  1980   681   695   529   700   584   739   494   866  1069   934
C1_002  1990  1151  1100  1260   756  1260   839   871  1045   927   708
C1_002  2000   875  1080   752   922   903   990  1370  1060  1106  1413
C1_002  2010  1242  1183  1478  1429  1396  1577  1587  1678 -9999
C2_003  1966  1086  1082  1277  1638
C2_003  1970  1692  1016   783   820   652   774   638   526   392   309
C2_003  1980   396   335   798   945   799   737   569  1036  1008  1138
C2_003  1990   897   822   885   817   650   609   589   988  1623   820
C2_003  2000  1048  1259   798  1431  1220  1460  1968  2430  3003  3048
C2_003  2010  1989  2367  3141  3620  3277  3670  3408  3992 -9999
C2_004  1989  1828
C2_004  1990  1431  2230  2721  2087  3520  2318  1644  2021  2775  1256
C2_004  2000  2633  2947  2199  2455  2117  2392  3979  4698  3869  3976
C2_004  2010  3006  2286  3871  4186  4843  5182  3849  3384 -9999
C2_011  1973   158    76   146   196   584   317   338
C2_011  1980   587   444   677   635   359   402   254   471   924  1257
C2_011  1990   940   768  1205   655  1563  1269   801   981   978   729
C2_011  2000   917  1199   925  1037   689  1046  1005  1110  1362  1754
C2_011  2010  1683  2055  2484  2554  3015  3286  3852  3049 -9999
C2_012  1977   276   211   296
C2_012  1980   549   338   465   613   360   761   296   804  1270  1481
C2_012  1990  1184  1071  1596  1322  1989  2284  2385  3248  3985  2074
C2_012  2000  2264  3277  2197  2407  1575  1897  2854  2165  2904  3505
C2_012  2010  2652  3555  4708  4121  4608  4782  4105  4116 -9999
D1_002  1919   487
D1_002  1920   571   463   463   609   884   589  1324   797   693   882
D1_002  1930   801  1643  1307   979   752  1341  1544  1495  1360  1715
D1_002  1940  2103  2556  1799  1462  2074  1609  1693  1735  2834  1947
D1_002  1950  1988  1412  1707  2265  1841  2010  1754  1412  1539   675
D1_002  1960   464   463   493   729   803   952  1163  1118   801   548
D1_002  1970   780   632   527   506   696   948  1116  1404  1184   977
D1_002  1980   873   743   839   860   927   888   846  1228  1101  1248
D1_002  1990  1185   846  1184   675   930   825   783   762  1079   888
D1_002  2000  1185  1311  1016  1143  1143  1163  1585  1373  1351  1502
D1_002  2010  1481  1164  1410  1180  1159  1269  1586  1778 -9999
D2_011  1987   461   600   667
D2_011  1990   615   633  1374  1020  2235  1633  1049  1637  1764  1465
D2_011  2000  1517  1770  1370  1555  1217  1342  1569  1287  1955  2479
D2_011  2010  2060  1856  2240  2072  1754  1057   490   229 -9999
D2_012  1983   255   274   296   169   316   379   654
D2_012  1990   465   651  1440   476   591   612   401   760   762   892
D2_012  2000   588   781   633   840   829   704  1055   957   944   837
D2_012  2010   713   659   663   727  1252  1355  1168  1016 -9999
E1_002  1923  2725  2017  2256  2445  2309  3387  2603
E1_002  1930  2186  2326  2106  2442  3864  4990  4419  3351  3224  2343
E1_002  1940  2509  2699  2315  2480  3020  3612  2573  3333  3431  3259
E1_002  1950  3101  3016  2769  2925  2407  2920  2674  2600  3416  2640
E1_002  1960  3104  2905  2305  2538  2460  3006  2725  2917  2289  1872
E1_002  1970  2669  1952  1450  2145  1781  2124  1962  2328  2645  2264
E1_002  1980  1820  1905  1862  2095  2137  1502  1248  1903  1965  2194
E1_002  1990  1943  1841  2201  1566  2158  1755  1775  1540   991  1580
E1_002  2000  2172  2193  1756  1524  1249  1185  1586  1481  1311  1755
E1_002  2010  2071  1627  2072  1630  1397  1609  1566  2010 -9999
E1_008  1850   341   487   211   165   316   338   317   169   363   568
E1_008  1860   497   358   317   254   487   465   254   613   317   380
E1_008  1870   656   741   635   528   674   506   587   462   548   505
E1_008  1880   588   801  1160   385   974   762   381   698   667   895
E1_008  1890   274   232   232   317   481   229   211   288    84    65
E1_008  1900   121   275   444   381   317   331   241   359   402   296
E1_008  1910   296   283   258    71   191   127   190   296   233   254
E1_008  1920   190   388   305   190   148   148   254   275   169   169
E1_008  1930   211   126   190   126   315   484   421   676   444   465
E1_008  1940   360   339   127   212   444   719   444   402   444   487
E1_008  1950   677   550   317   957   429   508   190   444   528   401
E1_008  1960   698  1121   972   655   592  1217   391   211   148   211
E1_008  1970   317   486   634   465   148   443   232   273   816   503
E1_008  1980   797   609   675   422   560   159   317   296    87   189
E1_008  1990   275   529   402    91   149   247   212   381   127   254
E1_008  2000    85   117   284   148   169   169   169    85   127   106
E1_008  2010   132   122   132   106   143   118    64    82 -9999
E2_003  1980   571   358   329   939   931   952   445  1086  1530  1468
E2_003  1990  1511  1727  1875   760  1735  1604  1212  1509  1527  1120
E2_003  2000   993   782   783   825   804   910   974  1143  1163  1184
E2_003  2010   994  1083  1248  1379  1481  1693  1841  2123 -9999
E2_004  1988  1121   972
E2_004  1990   740   559  1032  1185  1057  1333  1131  1261  1658  1235
E2_004  2000  1453  1432  1730  2177  1342  1498  1876  1874  1501  1586
E2_004  2010  1331  1690  1972  2339  2000  2454  2685  2997 -9999
E2_012  1976   151   293   212   254
E2_012  1980   243   317   211   285   201   275   285   337   337   444
E2_012  1990   400   399   607   546   504   582   411   510   554   371
E2_012  2000   355   572   381   487   508   571   550   360   339   550
E2_012  2010   465   402   486   549   568   632   485   350 -9999
E2_013  1996   697  1199  1471  1061
E2_013  2000   569   760   338   423   296   338   380   359   339   764
E2_013  2010   453   540   944  1015   973   825   811   257 -9999
E2_014  1979   592
E2_014  1980   235   588   465   465   338   401   315   461   481   585
E2_014  1990   730   603  1151   682   820  1223  1287  2344  2319  1370
E2_014  2000  1116   884   485   548   673   773   983   649   878   970
E2_014  2010   973   740   868  1311  1035  1388  1539  1520 -9999
E2_015  1981   730   857   717   519   796   574  1415   928  1176
E2_015  1990   900   744   793   582   632   461   542   812  1036   753
E2_015  2000   890  1393   738   949   738   485   588   313   333   352
E2_015  2010   331   367   414   466   486   845   900   619 -9999
E2_017  1991   674  1563   625   797   872   957  1258  1477  1297
E2_017  2000   933  1523  1291  1409   964   948  1312  1376   888  1350
E2_017  2010   843   569   885  1037   952  1545  1375   798 -9999
E2_018  1983   548   169   211   169   339   402   359
E2_018  1990   253   401   611   562   711   917   456  1116  1582   804
E2_018  2000  1037  1348   820   819   599   625  1091   910  1122  1366
E2_018  2010   858  1023  1211  1264   905   504   737  1464 -9999
E2_019  1985   464   317   783   614   624
E2_019  1990   831   622  1521   581   625   823   443   464   745   454
E2_019  2000   595   653   254   444   550   698   613   529   423   719
E2_019  2010   338   275   454   556   698   613   350   167 -9999
F1_005  1922   804   824   846  1227  1298   503   968  1054
F1_005  1930   950  1607  1336  1300  1039  1206  1579  1490  1539  1227
F1_005  1940  1127  2016  1373  1672  2199  2584  1538  1368  1951  1724
F1_005  1950  1832  1747  1208  1691  1578  1949  1010  1459  1862  1672
F1_005  1960  2052  1395  1079  1587  1608  1079  1291  1482  1077   951
F1_005  1970  1268   969   948  1138  1177  1470  1218  1701  1177  1093
F1_005  1980   987  1218  1112  1218  1386  1052   513   825  1143  1228
F1_005  1990  1417   951  1057   528   981   190   214   287   199   373
F1_005  2000   283   220   179    96   156   197   162   135   165   120
F1_005  2010   121   181   119    97   100   122    95    65 -9999
F1_011  1973   150   159   367   359   401   338   443
F1_011  1980   485   316   378   441   317   192   174   336   526   547
F1_011  1990   633   717   950   653   421   406   147   186   315   328
F1_011  2000   154   400   317   486   507   507   656   614   571   635
F1_011  2010   972   783   698   339 -9999
F2_004  1911   762   677   423   698   847   614   270   560   309
F2_004  1920   194   195   236   199   361   182   409   327   533   413
F2_004  1930   248   475   520   832   562   865  1065   888  1877  1810
F2_004  1940  1524  2138  1079  1460  1672  1904  1667  1561  2253  1998
F2_004  1950  1790  1563  1434  1451  1317  1704  1141  1226  1376  1417
F2_004  1960  1100  1121  1480  1604  1978  2371  2167  2768  2005  1928
F2_004  1970  2200  1649  1363  1844  1288  2343  2502  2975  2834  2803
F2_004  1980  2624  2744  2515  2466  2893  3146  1941  2632  3541  3397
F2_004  1990  2705  2881  3176  2173  3539  2491  2437  2134  2880  2312
F2_004  2000  2469  2673  2278  2111  2210  1850  2681  2281  1859  2050
F2_004  2010  2240  1796  1940  1998  1598   478   167   359 -9999
F2_006  1957   573   846   680
F2_006  1960   295   845   592   694   808   534   390   533   492   731
F2_006  1970   925   812  1003   798   781  1311   762  1269   612  1179
F2_006  1980  1263  1052  1633  1858  1592  1334   797  1876  1478  1591
F2_006  1990  1472  1798  2173  1016  1460  1375  2259  2922  3579  2165
F2_006  2000  2370  2527  1640  1418  1355  1292  1740  1666  1736  2275
F2_006  2010  2429  1856  3096  2690  2332  2301  2156  2951 -9999
F2_007  1964   698   486   402   569   528   549
F2_007  1970   930   689   669   734   673  1215   730  1105   748  1098
F2_007  1980  1156   400   357   438   335   619   363   647  1198  1157
F2_007  1990   505   421   696  1162   993   677   465   825  2223  1185
F2_007  2000  1608  1862  1608  1692  1681  2761  3074  2239  2218  2452
F2_007  2010  1375  1670  2358  2068  2280  2724  2379  2607 -9999
F2_012  1973   320    99   169   190   338   333   358
F2_012  1980   423   465   423   614   508   570   463   884   846  1121
F2_012  1990   946  1097  1607  1164  4360  1861  1205  1354  1453   989
F2_012  2000   904  1539   883   983  1081  1270  1502  1720  2192  2848
F2_012  2010  2643  2182  2894  3234  3166  3436  3386  2921 -9999
F2_013  1990   986  1092  1090   582   825   560  1154  1172  1524   931
F2_013  2000  1058  1032   714  1122   823   824  1075  1550  1253  1520
F2_013  2010   947   731   736   537   510   756   737   451 -9999
F2_014  1988   371  1377
F2_014  1990  1246  1270  1142   873  1011   698   593   656   822   417
F2_014  2000   434   965   708   924   759   907  1183  1016  1621  2507
F2_014  2010  2228  1917  2393  2087  2177  2007  2427  1538 -9999
G1_001  1916  1079  1245  1369   646
G1_001  1920   584   593   950   967   883   979  1103   510   830   945
G1_001  1930   909   551   643   907   620  1072  1661  1604  1925  1523
G1_001  1940  1566  2117  1439  1756  2013  1787  1915  2495  2525  2110
G1_001  1950  2130  2477  2022  2185  1931  2175  2315  2070  2362  2389
G1_001  1960  2620  1912  1836  2124  1953  1434  1302  2091  1580  1476
G1_001  1970  1975  1826  1698  1675  1567  1845  1995  2292  2129  2244
G1_001  1980  2201  2265  1714  2095  2011  2395  1833  2745  2556  2937
G1_001  1990  1986  1522  2135  1501  2306  1798  1947  1990  2413  2265
G1_001  2000  2688  2286  1926  1904  1605  1739  2573  2077  1904  1990
G1_001  2010  2053  1799  2307  2370  2095  2221  1692  2285 -9999
G1_004  1961  1079   268   146   510   550   592  1120  1060   721
G1_004  1970  1806  1388   975   996  1160  2114  1251  2416  1098  2411
G1_004  1980  2854  1986  2176  2537  2391  2307  1650  2659  2507  2871
G1_004  1990  2748  2221  2447  1931  2679  2244  2313  2700  3195  2691
G1_004  2000  2549  2223  1911  1910  1687  1677  2375  2113  2179  2447
G1_004  2010  2133  1986  2684  2537  2745  2831  2580  3386 -9999
G1_011  1977  1333   783   889
G1_011  1980   783   444   549   653   614   828   746  1285  1172  1094
G1_011  1990   759   865   949   739  1354  1397  1101  1587  2010  1608
G1_011  2000  1799  2201  2053  2834  2216  1814  3150  2804  2520  2638
G1_011  2010  1630  1239  2105  2162  2083  1998  1418  2702 -9999
G1_013  1980   381   424   336   402   275   360   444   402   553   673
G1_013  1990   549   656   952   931   780  1097   783  1460  2093  1122
G1_013  2000  1015  1270  1312  1537  1267  1052  1541  1415  1648  1776
G1_013  2010  1291  1396  1459  1625  1666  1648  1414  1940 -9999
G1_014  1998   717  1036
G1_014  2000  1100  1544   905  1014  1076   857  1269  1136  1570  1961
G1_014  2010  1639  1319  1887  1938  2424  2450  1828  3122 -9999
G1_015  1987   931  1330  1267
G1_015  1990   885   710   713   759   759   844   610   989  1451  1131
G1_015  2000  1004  1171  1150  1447  1554  1625  1858  2062  1838  2240
G1_015  2010  1545  1249  1479  1440  1492  1533  1416  1432 -9999
G1_016  1973   487   212   317   570   592   804   905
G1_016  1980   973   570   927   694   606   829   381   741  1077   823
G1_016  1990   633   677  1036   719   972   893   604   927   958  1130
G1_016  2000   867  1393  1034  1143  1058  1270  1629  1754  1458  1651
G1_016  2010  1237  1101  1248  1628  1121  1228  1787  1921 -9999
G2_001  1980   212   507   547   528   571   549   339   635   655   808
G2_001  1990   455   558  1060   795  1052   884   569  1152  1554   943
G2_001  2000   836  1725  1008  1028  1295  1625  1915  1456  1692  1907
G2_001  2010  1426  1382  1965  2348  2422  2966  2389  2814 -9999
G2_002  1984   482   650   420  1015  1287  1054
G2_002  1990   549   794  1101   868  1037  1100   739  1181  2615  1498
G2_002  2000  1329  1854  1349  1686  1999  2263  2812  2498  2648  2715
G2_002  2010  2431  2165  2489  2826  2594  2942  3323  3450 -9999
G2_003  1987  1043  1080  1246
G2_003  1990  1366  1820  2430  1350  3393  2471  2387  2793  3930  2746
G2_003  2000  2129  3032  2154  2701  3339  3456  4679  4720  4142  5033
G2_003  2010  4452  3317  4599  4916  5376  3878  3995  3772 -9999
G2_012  1990   358   525   475   766  1249   649   649   837  1194   876
G2_012  2000   764  1108   444   487   529   634   486   549   550   889
G2_012  2010   529   740   995  1482   910   592   972   743 -9999
G2_013  1983   173   511   305   459   209   596   612
G2_013  1990   972  1032  1576   664  1239   861   799  1120  1932   917
G2_013  2000  1206  2000  1103   969   740  1115  1011   887  1079  1312
G2_013  2010  1037   993  1161  1069  1205  1418  1439  1438 -9999
G2_011  1981   198   154    95   127   113   112   330   303   197
G2_011  1990   197   185   509   395   905   419   356   698  1249   740
G2_011  2000  1122  1290   868   741   613   561  1175   995   705  1251
G2_011  2010   687   603  1102  1905  1637  1260   972  1003 -9999
