B1_006LA1861   700   840   730   690  1060   570   680   710   750
B1_006LA1870   640   280   530   900   740   910   700   490   620   860
B1_006LA1880  1030  1450   750   640   890   580   710   590   650   940
B1_006LA1890  1020  1320   630   420   500   250   370   480   350   450
B1_006LA1900   370   460   390   730   910   800   540   600   670   390
B1_006LA1910   330   230   340   170   500   110   280   410   520   450
B1_006LA1920   660   820  1020   930   550   160   310   520   970   920
B1_006LA1930   730   870  1070  1330  1430   720  1070   430   380   170
B1_006LA1940   670   820   590   820   940   880   710   710  1400   850
B1_006LA1950   640   580   310   460   510   600   440   370   680   530
B1_006LA1960   380   590   440   590   430   590   320   370   350   290
B1_006LA1970   440   170   110   330   560   410   200   160   180   150
B1_006LA1980   140   230    70     0   110   250     0   170   280   130
B1_006LA1990   380   370   400   140   260   290   250   310   340   130
B1_006LA2000   460   430   340   400   210   120   400   400   300   230
B1_006LA2010    60    60   120   130   100     0    60   150 -9999
C1_006LA1857   770   500   750
C1_006LA1860   640   580  1170  1380   730  1000   730   500   510   790
C1_006LA1870   910   540   170   210   230   420   350   410   570   290
C1_006LA1880   290    90   270   440   410   490   470   470   310   520
C1_006LA1890   340   430   420   440   400   370   290   530   490   620
C1_006LA1900   580   450   530  1050  1070   520   320   480   820  1280
C1_006LA1910   980   700   830   500   790   190   650   610  1300   940
C1_006LA1920  1040   880  1300  1400   870   490   820  1630  2530  1870
C1_006LA1930  1770  1400  1830  2030  1560   670  1810  1010  1010   210
C1_006LA1940  1230  1280  1030  1170  1890  1530  1170  1090  1500  1060
C1_006LA1950  1030   810   700   900  1130  1410  1410  1770  2240  1340
C1_006LA1960  1690  1870   910  1340   870  1040   500   610   630   740
C1_006LA1970  1330   400   460   660   540   600   110   380   430   610
C1_006LA1980   410   470    70     0   270   390     0   270   260   200
C1_006LA1990    80   370   270   440   150   440   440   310   170   340
C1_006LA2000   260   420   430   380   490   310   320   670   410   380
C1_006LA2010   220    90   230   220   100     0    70    80 -9999
D1_001LA1814   190   120    50    80   230    90
D1_001LA1820    50    60    30    80   220    70   250   210   170   100
D1_001LA1830   150   240   410   110   120   230   540   220   120   270
D1_001LA1840   380   540   190   140   120   130   310   220   280   380
D1_001LA1850   230   230   550   290   170   240   370   340   310   440
D1_001LA1860   210   320   530   860   270   970   700   240   510   800
D1_001LA1870   870   330   360   390   320   350   190   330   280    50
D1_001LA1880   220    80   150   360   610   930  1220  1030   820   850
D1_001LA1890   580   570   500   530   610   100    70   130    60   150
D1_001LA1900    70    70    70   140   190   150   180   170   220   260
D1_001LA1910   190   160   200   180   180    70   150   170   360   520
D1_001LA1920  1000   740   890   890   460   710   410   630  1530   900
D1_001LA1930   470   940  1640  1660  1230   780  1470   370   600   230
D1_001LA1940   670   960   520  1100  1630  1150  1080  1160  1610   560
D1_001LA1950   850   620   590   810  1140  1550  1270  1030  1720  1230
D1_001LA1960  1250  1660  1100  1260  1070  1150   660   930   330   730
D1_001LA1970   750   400   500   830  1090   670   390   340   450   510
D1_001LA1980   530   670   650     0   530  1050     0   870   860   520
D1_001LA1990   130   510   500   570   370   580   740   630   450   700
D1_001LA2000   500   870   870   780   860   400   540   840   720   480
D1_001LA2010   340   160   100   140   160     0    40   170 -9999
D1_003LA1853   170    80   180   480   590   330   430
D1_003LA1860   500   360   290   250   180   340   320   810   320   370
D1_003LA1870   470   240   260   430   380   230   140    90   140   440
D1_003LA1880   230   300   340   190   260   160   190   620   660   910
D1_003LA1890   830   600   340   670   270   130    60   170   110    70
D1_003LA1900    50    60   100   390   710   480   300   410   410   290
D1_003LA1910   170   230   170   170   170    40   110   210   360   960
D1_003LA1920  1260   760   850   510   400   140   150   350   910   930
D1_003LA1930   600   990  1120  1440  1260   550   970   300   440   190
D1_003LA1940   550  1060   610  1040  1260  1170  1150  1120  1750  1000
D1_003LA1950  1130  1040   820  1160  1450  1770  2590  1620  2960  1520
D1_003LA1960  1830  2000  1150  1800  1560  1970  1070  1030   510   860
D1_003LA1970  1650   670   410   900  1080   930   200   270   310   500
D1_003LA1980   380   370   270     0   410   750     0   620   460   370
D1_003LA1990   470   500   670   440   850   600   640   750   890   440
D1_003LA2000  1590  2010  1580  1420   520   980  1920  1700  1370  1460
D1_003LA2010   150   100   190   210   170     0    70   290 -9999
E1_007LA1907   860  1230  1030
E1_007LA1910   810   730   620   690  1250   170   750   940  1440  1300
E1_007LA1920  1520  1270  1350  1140  1110   950   660   900   950  1140
E1_007LA1930  1370  1560  1230  1620  1540  1310  2130   770   780   390
E1_007LA1940   790  1140   910  1120  1450  1810  1210  1270  2210  1330
E1_007LA1950   630   840   820  1080  1060  1570   920   650   900   700
E1_007LA1960   870  1100   750  1130  1070  1080   410   650   680   980
E1_007LA1970  1370   330   690  1250  1710  1240   440   220   470   760
E1_007LA1980  1130   510   620     0   230   360     0   550   470   370
E1_007LA1990   370   690   780   910   630  1150  1210  1290  1110  1670
E1_007LA2000   560  1040  1240  1150  1240   700   540  1800  1440  1040
E1_007LA2010   830   220   450   350   270     0   100   320 -9999
F1_002LA1887   970   700   510
F1_002LA1890   740  1330   780   540   870   650    80   110   120   220
F1_002LA1900   220   250   320   220   380   320   150   150   640   980
F1_002LA1910   930   740   610   280   400   760   390   380  1050   680
F1_002LA1920   830   210   630   430   540   690   270   440   600   620
F1_002LA1930   600   850  1100  1210  1010   820  1280   500   540   210
F1_002LA1940   560   520   380   570   740   500   740   690  1500   620
F1_002LA1950  1220  1030   750   620  1030  1070   980   320  1210   650
F1_002LA1960   570  1520   800  1180   590   810   540   920   410   590
F1_002LA1970   810   300   390   520  1030   670   300   340   530   600
F1_002LA1980   380   590   140     0   290   400     0   520   240   120
F1_002LA1990   380   430   600   260   220   420   320   350   440   460
F1_002LA2000   540  1140  1100  1250   780   580   950  1020   920  1040
F1_002LA2010   240   470   500   260   140     0   210   530 -9999
A1_004LA1872   420   420   520   590  1190   590   430   500
A1_004LA1880   380   570   300   630   490   510   590   560   170   830
A1_004LA1890   450   280   380   350   550   520   350   540   980   630
A1_004LA1900   880   760   490  1270  1310   690   440   650   860  1240
A1_004LA1910   820   670   630   420   390    80   340   340  1640  2180
A1_004LA1920  2670  2710  3140  1860  1320   470  1350  1880  1500  1610
A1_004LA1930  1160  1590  1430  1480   980   880  2020   500  1770   760
A1_004LA1940  1950  1670   940  1070  1530   890   620   540  1280   410
A1_004LA1950   570  1010   810  1310  1350  1650  1160  1050  2140  1370
A1_004LA1960  1370  2620   112  1640   910   850   530  1160   450   550
A1_004LA1970  1000   500   530   860   570   570    80   100   380   380
A1_004LA1980   460   120   490     0    60    70     0   570   390   350
A1_004LA1990   210    70   420   350   300   140   300   360   230   190
A1_004LA2000   370   110   420   300   360   390   430   600   350   260
A1_004LA2010   210   280   360   300   160     0   180   140 -9999
B1_001b 1826   320   270   120   310
B1_001b 1830   130    60   200   110    90   170   270   180    90   280
B1_001b 1840   190   210   130   260   200    90    70   100   210   160
B1_001b 1850   220   100   700   490   270   380   310   280   180   440
B1_001b 1860   410   710   890  1130   340   640   750   230   560   550
B1_001b 1870  1090   300   310   310   330   340   120   150   210   150
B1_001b 1880   200    90   260   450   680   820   860   670   480   350
B1_001b 1890   400   240   450   200   560   300   680   800   890   910
B1_001b 1900   820   550   550  1200  1020   270   240   330   600  1060
B1_001b 1910  1370  1720  1410  1180   810   120   510   570  1280  1070
B1_001b 1920  1510  1160  1580  1550  1120   500   690  1200  2210  1510
B1_001b 1930  1310  1660  1750  2000  1460   880  1450   550   960   440
B1_001b 1940  1010  1430  1090  1230  1450  1280  1160  1050  1460   840
B1_001b 1950   740   840   660   620   730  1030   390   280   630   590
B1_001b 1960   600   840   580   830   520   770   550   790   430   570
B1_001b 1970   830   190   350   540   730   740   250   160   140   170
B1_001b 1980    90   120   180     0    60   150     0   180   100   190
B1_001b 1990   110    70    50   130    60    70   100    90    70   120
B1_001b 2000    30    80 -9999
C1_001LA1893   940  1110  1310   880  1020  1260  1220
C1_001LA1900  1600  1850  1340  1160  1930  2060  1130   630   810  1010
C1_001LA1910   950  1080   530   320   180   180   100   210   650   630
C1_001LA1920  1140  1460  1650   820   950  2660  1660  1400  1160   730
C1_001LA1930   470   560   970  1680  2490  1380  2190  1200  1100   160
C1_001LA1940   800  1810  2080  2250  2770  2210  1690  1270  1970  1130
C1_001LA1950  1450  1350   860   720   670   950   850   670  1490  1430
C1_001LA1960  2030  2880  1380  2450  1830  2020   970  1020   510   630
C1_001LA1970   840   300   500   700   740   730   210   210   330   380
C1_001LA1980   280   250    70     0    90   300     0   270   350   180
C1_001LA1990   420   340   410    50   340   440   290   340   410   160
C1_001LA2000   360   270   400   330    70   150   350   400   240   370
C1_001LA2010    90   200   170    90    40     0   130 -9999
E1_005b 1802   960   530   760   920   720   550   490   690
E1_005b 1810   930   460   510   440   350    60    50    90   300   190
E1_005b 1820   130   190   180   400   640   230   230   160   160   130
E1_005b 1830   120   250   580   250   190   320   430   210   100   160
E1_005b 1840   180   270   310   200   110   100    80   140   350   260
E1_005b 1850   140   230   650   440   250   340   340   290   200   440
E1_005b 1860   250   470   630  1190   310   970   700   270   580   900
E1_005b 1870  1080   370   270   310   270   330   230   330   300   200
E1_005b 1880   230   220   320   410   400   500   620   470   550   440
E1_005b 1890   550   320   230   360   490   280   270   220   230   460
E1_005b 1900   370   190   200   300   450   170   180   230   320   410
E1_005b 1910   340   370   600   330   420    60   290   480   850   790
E1_005b 1920  1140   830  1000   750   710   290   210   920  1060   930
E1_005b 1930  1190   840  1220  1220  1030   830  2150  1550  1010   190
E1_005b 1940  1060   990  1160  1350  1540  1220  1720  1500  2140   800
E1_005b 1950  1040  1440  1060  1290  1270  2070  1360   730  1730  1860
E1_005b 1960  1810  2270  1060  1250  1380  1550   700   960   580   820
E1_005b 1970  1330   460   590   950   910  1470   510    50   330   600
E1_005b 1980   570   390   510     0   330   490     0  1050   700   620
E1_005b 1990   270   160   630   930  1040   380   860   980  1070   950
E1_005b 2000   970   320   840  1150   970   840   590   320   940   900
E1_005b 2010   460   140    90   170   150     0   100   100 -9999
E1_006LA1894   850   410   330   330   870   770
E1_006LA1900   760   720   740   830   880   930   890   750   760   470
E1_006LA1910   300   210   310   610   980   390   550   670   930   710
E1_006LA1920   860   580   830   610   600   490   690   990  1230  1020
E1_006LA1930   550   670   990  1510  1270   740  1260   220   500   350
E1_006LA1940   900   950   480   650   870   880   700   520  1080   920
E1_006LA1950  1070   940   960   900   830   890   710   590  1760  1690
E1_006LA1960  1540  1580   840   970   700   530   360   600   370   520
E1_006LA1970   840   490   790  1260  1240  1030   280    80   530   540
E1_006LA1980   650   460   480     0   170   240     0   550   360   370
E1_006LA1990   190   540   430   480   220   700   670   790  1210  1890
E1_006LA2000   450   680   820   590   560   150   290   610   380   410
E1_006LA2010   320    70   360   230    90     0   150 -9999
F1_004LA1876   910   680   680   470
F1_004LA1880   470   570   270   630   710  1040   860   560   560   870
F1_004LA1890   820   720   580   650   460   230   250   300   410   360
F1_004LA1900   290   380   390   610   540   230   330   460   370   380
F1_004LA1910   330   230   260   160   400   110   390   410   520   430
F1_004LA1920   600   320   440   460   330   300   280   300   470   140
F1_004LA1930   170   230   300   410   470   360   560   250   460   100
F1_004LA1940   560   430   360   630   850   650   700   580  1320   920
F1_004LA1950   900   600   760   960   720  1020   610   670  1020   590
F1_004LA1960   430   760   460   810   480   770   380   700   280   440
F1_004LA1970   510   120   150   440   450   460   330   280   430   440
F1_004LA1980   380   390   450     0   150   280     0   410   490   330
F1_004LA1990   230   450   370   370   150   290   330   380   230   170
F1_004LA2000   250   350   430   490   430   280   110   480   420   480
F1_004LA2010   570   360   340   260   210     0    90 -9999
F1_006LA1899   390
F1_006LA1900   120   160   320   790   560   570   920   800   850   730
F1_006LA1910   550   160   380   390   690   240   250   500   680   730
F1_006LA1920   640   360   710   670   650   440   470   440   450   760
F1_006LA1930  1030   970   650   660   450   440  1320   630   600   200
F1_006LA1940  1080   950   530   830  1110   850   990  1210  2330  1200
F1_006LA1950  1960  1110   980  1620  1480  1710  2730  2090  2690  1540
F1_006LA1960  1340  2160  1290  1700  1090  1280  1120  1920   960  1560
F1_006LA1970  1790   580  1100  1560  1650  1470   510   640   830  1100
F1_006LA1980   990   920   400     0   270   790     0   790   500   230
F1_006LA1990   770   880   890   370   430  1010  1190  1040  1380   820
F1_006LA2000  1170  1490  1220  1090   720   570  2040  1680   790   660
F1_006LA2010   180   410   440   290   130     0   230   550 -9999
A2_004b 1878  1470  1170
A2_004b 1880  1060   470   670  1020  1040  1080  1460   740   670  1150
A2_004b 1890  1130   720   820  1030   860   560   880   990  1210  1260
A2_004b 1900  1370  1230  1000  1480  1520   670   500   650  1010  1430
A2_004b 1910  1780  1720  1690  1070   800   200   570   770  1630  1540
A2_004b 1920  1650  1740  2350  1510  1780   930   930  1440  2090  1650
A2_004b 1930  1310  1960  2210  2090  1730  1190  1620  1600  1350   400
A2_004b 1940  1780  1680  1590  1800  1800  1650  1680  1660  2140  1060
A2_004b 1950  1060  1110   420   990  1050  1290  1750  1490  2140  1080
A2_004b 1960  1140   950   440  1040   940  1410  1650  1270  1850  1770
A2_004b 1970  1530  2900  1780  1980  1150  1170   610   840   470   660
A2_004b 1980   710   290   530     0   660   540     0   270    60   290
A2_004b 1990   210   110    40   260    80   190   160   240   210    50
A2_004b 2000   350   200   160    80   240    60   100   150   210   330
A2_004b 2010   230    90    90   220   230     0   130   190 -9999
B2_002b 1828   130   130
B2_002b 1830   180  1090   540   310   570   920   740   340   140   110
B2_002b 1840   510  1060   850   640   250   880   750   310   500   300
B2_002b 1850   340   720   800   500   500   680   470   520   320  1060
B2_002b 1860   590   730  1370  1140   290   890  1430   780  1150  1130
B2_002b 1870  1080   430   350   590   820   760   590   390   400   370
B2_002b 1880   350   170   280   440   570   620   680   660   530   360
B2_002b 1890   180   360   290   410   350   220   400   530   590   620
B2_002b 1900   510   510   570  1080  1280   310   130   130   340   950
B2_002b 1910  1400   980   690   500   620   120   590   600  1090   620
B2_002b 1920  1240   810  1200   740   600   180   490   590   910   860
B2_002b 1930   360   670  1080  1510   860   830  1440   400   400   100
B2_002b 1940  1080   930   790   880  1280  1610  1730  1590  2260  1190
B2_002b 1950  1020   590   490   640   750  1280   750   570  1210   870
B2_002b 1960   810  1140   680   930   740   890   640   680   460   370
B2_002b 1970   470    60   180   360   590   440   220   100    40   170
B2_002b 1980   250   150   250     0   420   380     0   410   230   100
B2_002b 1990   720   720   620   350   390   430   470   300   510   240
B2_002b 2000   650   540   470   370   130   270   580   620   410   520
B2_002b 2010   130   160   130    80   120     0    80   290 -9999
F2_015b 1957   520   550   500
F2_015b 1960   480   520   150   320   280   200    60   220   270   280
F2_015b 1970   460    30   110   130   340   420   460   440   220   280
F2_015b 1980   100   200   370     0   140   370     0   170   330    70
F2_015b 1990    90   240   230   360   240    40    30    90   160   300
F2_015b 2000   490   560   380   200   440   510   230   290   490   330
F2_015b 2010   310   250   260   290   200     0   140   410 -9999
G2_004LA1935   250   360   170   270   240
G2_004LA1940   280   440   360   330   370   330   410   410   250   460
G2_004LA1950   380   350   390   540   410  1450   500   430  1250   390
G2_004LA1960   430   870   650   420   730   990   810  2970   300   270
G2_004LA1970   800   460   990   490   600   950   800  1420   710   730
G2_004LA1980   430   890   970     0   460  1230     0  1320   800  1090
G2_004LA1990  1320  2320  1020  1320  1280   820  1750  2170   610  1340
G2_004LA2000  1910  1660  1910  1480   970  2010  1690  1630  1880   880
G2_004LA2010   780  1550  2020  1840  2710     0  1080  1950 -9999
C2_001LA1900   220   250   280   340   380   410   230   180   270   380
C2_001LA1910   540   380   560   980   780   190   410   650  1460   950
C2_001LA1920  1310   950  1790  1290   860   610   740   940  1580  1500
C2_001LA1930   890  1670  1940  2090  1470  1430  2630  1290  1150   490
C2_001LA1940  1740  1770  1210  1450  2090  2340  1540  1390  2910  2030
C2_001LA1950  2430  1210  1390  1840  1780  2170  2330  1560  2830  1730
C2_001LA1960  1430  2530   850  1750  1660  1840   980  1590   860  1490
C2_001LA1970  2700   750  1380  1900  2140  1270   410   110   540   810
C2_001LA1980   890   750   990   250   560  1180     0  1210   870   640
C2_001LA1990   180   640   840  1260  1040  1940  1970  1380  1420  1920
C2_001LA2000  1140  1290  1820  1300  1310   470   950  2220  1680  1090
C2_001LA2010   920    90   290   630   800   320   240   400 -9999
E2_002LA1841   210   250   170   150   180   180    80   100    70
E2_002LA1850   180   200   220   130   360   360   310   250   120   140
E2_002LA1860   220   240   280   430   360   460   440   250   350   290
E2_002LA1870    80   190   430   370   220   130   110   100   140    80
E2_002LA1880    40    90   100   210   150   260   460   650   380   570
E2_002LA1890   580   620   500   520   710   260   170   330   240   540
E2_002LA1900   480   500   610  1090  1180  1240  1300  1040   760  1360
E2_002LA1910  1080   900  1140   770   930   150   580   900   760   840
E2_002LA1920   970   800  1120   680   880  1120  1280   980  1930  1680
E2_002LA1930  1870  2110  1790  1930  1940  1420  2690  2250  1690   360
E2_002LA1940  1550  1970  1620  2130  1850  2380  2790  2730  3660  2170
E2_002LA1950  2060  1500  1670  2040  1720  1490  1830  1920  2460  1680
E2_002LA1960  1820  2980  2100  2630  2070  2500  1810  1920  1850  2230
E2_002LA1970  2690  1130  1110  1230  1410  1730   720   850   940  2090
E2_002LA1980  1810  1730  1130  1140  1600  1390     0  1160  1060   270
E2_002LA1990  1510  1840  2550  1240  2160  1850  1760  1610  2380  1080
E2_002LA2000  1690  2010  2210  2010  1740  2000  3290  2110  1650  1380
E2_002LA2010   790   350   880  1510   820   350   940  1580 -9999
F2_005c 1944   820   790   980   930  1030   650
F2_005c 1950   900   710   750   790   640   890   870   880  1460   880
F2_005c 1960  1060  1380   720   870  1330   950   620  1010  1050  1210
F2_005c 1970  1730   400   510   490   630   790   470   440  1120  1000
F2_005c 1980  1280   990  1000   670   450   550     0   450   450   160
F2_005c 1990   420   690   900   280   550   780   470   690   640   980
F2_005c 2000   940   850   850   700   340   250  1210  2060   920   540
F2_005c 2010   250   390   940  1650   750   200    70   380 -9999
H2_001LA1932   700  1080   350   860  2250  1510  1090   600
H2_001LA1940   840  1230   530   480   660   980   640   480  1140   810
H2_001LA1950  1280  1120   650   900   890   880   790   620  2100   700
H2_001LA1960   750  2400   840   850  1030  1400   570  1070   660  1130
H2_001LA1970  1810   510   530   990  1270  1650   930   440   650   900
H2_001LA1980   500   390   150   140   130   170     0   290   130   150
H2_001LA1990   210   290   580   160   570   500   290   520  1170   530
H2_001LA2000   680  1180  1360  1210  1530   990  1880  3700  3620  2260
H2_001LA2010  1300  1680  3910  1620  2100  2120  2030  3620 -9999
G1_002LA1884   320   440   360   310   290   480
G1_002LA1890   400   420   310   370   470    70    90    80   110   150
G1_002LA1900    90    70   210   370   610   860  1080   710   880   910
G1_002LA1910   610   460   940   570   800   440   700   920  1020  1150
G1_002LA1920  1440  1200  1620  1470  1460   940   880   970  1240  1270
G1_002LA1930  1020  1270  1100  1410  1440  1490  2390  1600  1660   810
G1_002LA1940  1640  2350  1660  1770  1650  2030  1460  2010  1980  1670
G1_002LA1950  2020  1990  1530  1700  1560  1750  1880  1700  2850  2150
G1_002LA1960  2010  2150  1500  2040  1960  1630   940  1470  1220  1470
G1_002LA1970  1590   350   510   790  1170   960   560   170   440   570
G1_002LA1980   950   660   980   560   730   840  1030  1150   780   260
G1_002LA1990  1210  1230  1710   940  1330  1600  1790  1370  1800  1200
G1_002LA2000  1570  1510  1210   870   650   640  1250   830   530   640
G1_002LA2010   240   170   310   310   400   570   300   920 -9999
E2_016LA1977   710  1390   990
E2_016LA1980   840   500   640   310   570   770   490  1160   680   450
E2_016LA1990   630   530   830   440   470   300   200   170   160   140
E2_016LA2000   280   350   550   650   460   150   430   420   340   440
E2_016LA2010   160   180   290   450   530   530   460   360 -9999
D2_002LA1922  3330  1840  1440  1560  1490   880   920  1340
D2_002LA1930  1340  1520  1230   910   560   920  2490  1610  1910  1030
D2_002LA1940  2330  2440  1160  1450  1500  1270  1600  1660  2590   810
D2_002LA1950  1300  1010   770  1260  1540  1700  1420   930  2220  1500
D2_002LA1960  1170  1820  1160  1810  1300  1380   540  1050   850   910
D2_002LA1970  1270   300   430   720  1410  1270   450   210   700   690
D2_002LA1980   690   510  1090   390   600  1170  1040   810   550   270
D2_002LA1990  1290  1040   950   250   560   980   490   520   790   770
D2_002LA2000   890   650   770   550   460   210   900   590   590   210
D2_002LA2010   320     0   410   110    80     0    90   330 -9999
D2_004LA1956  1040  1110  1550  1060
D2_004LA1960  1180  1570  1000  1130  1060   890   820   650   730   770
D2_004LA1970   960   540   480   740   540   900   570   490   770   830
D2_004LA1980  1470   970  1230   880   680   610   650   810   490   340
D2_004LA1990   870   720  1220   400   480   560   500   500   720   510
D2_004LA2000   830   750   600   620   370   310   560   460   370   330
D2_004LA2010   270     0   210   160    70     0    80   250 -9999
H2_002b 1953   730   540   790   690   770  1730  1190
H2_002b 1960  1070  1560   900  1050  1050  1570   770  1200  1240  1310
H2_002b 1970  2590   980   400   710   740  1420   880   820   720   830
H2_002b 1980  1260  1100  1130   800   690   770   630   830   840   620
H2_002b 1990   780   710  1720   810  1320  1040   880  1090  1970   830
H2_002b 2000   880  1960  1570  1490  1770  1080  1530  1400  1410  1340
H2_002b 2010  1100     0  1020  1680  1470     0  1480  1770 -9999
D1_006LA1866   920   560   770   900
D1_006LA1870   680   300   470   420   380   300   180   290   150   260
D1_006LA1880   630   170   390   600   630  1070  1600   800   690   580
D1_006LA1890   440   240   320   450   510   610   640   570   830   800
D1_006LA1900   460   450   450   780   740   230   220   490   510   520
D1_006LA1910   340   400   680   710   690    70   620   610  1000   680
D1_006LA1920   770   530   760   380   540   310     0   410   720   640
D1_006LA1930   660  1110  1960  1850  1190  1070  1860   560   420   100
D1_006LA1940   770   570   650  1050   880   960   780   510  1170   760
D1_006LA1950   690   800   610   850   990  1300  1350   890  1400  1010
D1_006LA1960  1120  1440   690   780   350   620   430   350   180   350
D1_006LA1970   410   360   510   710   760   570   160   170   320   180
D1_006LA1980   200   190   110     0   240   410     0   260   330   220
D1_006LA1990   360   270   320   130   250   210   230   200   200   130
D1_006LA2000   310   410   330   440   270   300   550   330   280   400
D1_006LA2010   210    80   120   120    70     0   100   180 -9999
A1_001LA1850   660   660   780   880   660  1070   630   760   730  1370
A1_001LA1860  1240  1140  1170  1280   720   940  1050   590   950  1030
A1_001LA1870  1160   550   670   810  1090  1420  1000   900   950   850
A1_001LA1880   820     0  1150   770  1010   950  1030   760   470   650
A1_001LA1890   710   460   760   860  1130   750   870   930   990   920
A1_001LA1900  1070   460   730  1300  1020   430   330   660  1410  1790
A1_001LA1910  1650  1340   980  1120   870   120   910   860  1620  1420
A1_001LA1920  2610  1740  2010  1490   940     0  1240  1530  2030  1470
A1_001LA1930  1210  1340  1820  2110  1460   830   850   730   830   270
A1_001LA1940  1220   670  1250  1330  1670  1400  1830  1240  1970   790
A1_001LA1950  1280  1150   990   990   900  1100   990   700  1280   860
A1_001LA1960   670  1370  1040  1250  1300  1460  1110   980   580   500
A1_001LA1970   580   380   300   640   510   360   260   140   130   200
A1_001LA1980   300   350   210     0   310   580     0   420   540   230
A1_001LA1990   620   490   570   330   430   400   310   430   480   290
A1_001LA2000   440   510   400   450   320   300   590   390   390   520
A1_001LA2010   190   160   190   240   280     0   160   250 -9999
C1_003b 1861   840  1250  1290  1120  1160  1330   690   870   950
C1_003b 1870  1210   840   520   640   810  1450  1110  1090  1090   560
C1_003b 1880   740   520   540  1200   940  1130  2090  1390  1650  1590
C1_003b 1890  1240  1010   810   950   680    80    60    50   150   760
C1_003b 1900   720   570   470  1230  1410   930   470   460   790  1120
C1_003b 1910  1110   720   620   390   420    90   540   870  1400  1350
C1_003b 1920  1990  1550  1550  1120   700   360   730   890  1660  1530
C1_003b 1930  1060  1450  1630  1850  1490   850  1830   960   780   170
C1_003b 1940  1180  1640   910  1510  1570  1690  1550   970  2340   960
C1_003b 1950   860   790   460   630   820   970   540   590  1080  1090
C1_003b 1960   780  1500   940  1060   660   770   440   530   330   330
C1_003b 1970   270   130   190   260   310   260 -9999
E1_010b 1868   470  1380
E1_010b 1870   500   260   300   180   250   270   180   340   380   270
E1_010b 1880   240   110   240   440   440   350   770   550   780   740
E1_010b 1890   910   760   590   650   690    80   210   190   310   340
E1_010b 1900   390   390   360   470   570   290   240   350   710   710
E1_010b 1910   630   450   540   290   360   260     0   650  1110   920
E1_010b 1920  1150  1060  1130   600   600   260   320   520   900   590
E1_010b 1930   620  1100   630  1380  1340   540  2110   660   570    70
E1_010b 1940   550   370   410   940  1490  1200   760   530  1240   800
E1_010b 1950   900   650   460   390   680   910   800   350   930   520
E1_010b 1960   720  1480   820  1370  1070  1400   480   560   230   410
E1_010b 1970   590    90   240   350   520   560   120   340   420   360
E1_010b 1980   190   300   150     0   170   800     0   490   390   240
E1_010b 1990   630   380   510   190   310   270   230   230   300   290
E1_010b 2000 -9999
B2_004b 1803   590   930   720   660   410   770   760
B2_004b 1810   510   440   630   740   830   630   390    80   180   360
B2_004b 1820   270   320   220   190   400    80   140   120   130    50
B2_004b 1830    50   100   290    90   120    80     0   290   140    50
B2_004b 1840    60   380   320   740   380   340   180     0   550   370
B2_004b 1850   250   380   730   630   500   610   380   480   360   510
B2_004b 1860   260   320   620   810   370   950  1190   530   820  1280
B2_004b 1870  1110   750   700   660   750   920   520   650   430   600
B2_004b 1880   830   420   810   980   750   690   660   760   400   570
B2_004b 1890   610   560   530   810   720   580   810   920   650  1180
B2_004b 1900  1100   700   800  1100  1550   420   510   370   930  1260
B2_004b 1910  1100  1360  1460  1140  1400   100  1010  1050  1610  1530
B2_004b 1920  1660  1470  1980  1430  1010   230   770  1290  2140  1810
B2_004b 1930  1860  1730  1440  1840  1540  1220  2330  1260  1510   640
B2_004b 1940  2140  2340  1570  1550  1890  1350  1360  1190  1810   940
B2_004b 1950  1270  1260  1170  1190  1100   830  1900  1530  2520  1170
B2_004b 1960  1560  2130   800  1280  1220  1330   710  1000   830   810
B2_004b 1970  1110   530   640   720   850  1020   450   460   510   610
B2_004b 1980   540   450   220   330   600   600     0   400   430    70
B2_004b 1990   440   460   540   190   400   380   320   250   400   300
B2_004b 2000   450   430   460   490   260   470   660   580   290   540
B2_004b 2010   350    80   210   230    70   150   240   450 -9999
H1_002LA1965   580   220   540   680   660
H1_002LA1970   190   190    60    50    40   210   100   110   210   190
H1_002LA1980   580   300   250   180   250   280   100   290   190   260
H1_002LA1990   230   240   400   150   330   330   420   530   990   300
H1_002LA2000   470   600   800  1360   970   880  2310  1880  1450  1470
H1_002LA2010  1270  1380  2570  2790  3120  2910  3410  3880 -9999
E2_001LA1961  2440  1610  1970  2350  1560   880  1760  1610  1010
E2_001LA1970   890   910  1010   860   810  1120   690   270   620   640
E2_001LA1980  1070   960  1290   400   790   450   590   490   500   270
E2_001LA1990   910   820   890   260   700   850  1280   980   660   460
E2_001LA2000   990   990  1340  1540   820   310  1530  1030   530   280
E2_001LA2010   230   160   300   350   220     0   110   510 -9999
F1_001b 1854   840   390   370   290   290   370
F1_001b 1860   310   290   340   580   240   390   430    80   250   380
F1_001b 1870   630   280   230   270   340   570   490   550   380   480
F1_001b 1880   550   140   200   600   570   740   950   800   660   730
F1_001b 1890  1330   880   800   980   910   490   300   430   530   840
F1_001b 1900   520   610   630  1010   760   590   730   670   620   640
F1_001b 1910   640   500   700   550   840   250   620   870  1390  1450
F1_001b 1920  1370  1370  1250   900   710   700   690   870  1470  1080
F1_001b 1930  1100  1080  1020  1030  1050   810  1580  1190   920     0
F1_001b 1940   930  1270  1230  1430  1570  1520  1250  1370  1920  1160
F1_001b 1950   920   930   880  1180  1210  1610  1620  1200  1740  1360
F1_001b 1960  1350  2400  1430  2230  1490  1960  1100  1300  1010  1100
F1_001b 1970  1530   370  1000  1350  1270  1400   880   510   850   740
F1_001b 1980   940   690  1190     0   610   620     0   870   840   780
F1_001b 1990   800   820  1110  1050   540   670  1170  1110   950  1020
F1_001b 2000   630  1110  1190  1040  1070   970   680  1830  1010   810
F1_001b 2010  1070     0   440   430   420     0   260   200 -9999
D2_001LA1924  1360  2100  1160   910   880   680
D2_001LA1930   830  1000  1170  1500   630  1080  1630  1010  1340   650
D2_001LA1940  1170  1680   830   940   890   940  1070  1800  2000   830
D2_001LA1950  1160  1010   650  1050  1030   860   710   790  1550   880
D2_001LA1960   490   790   750   840   660   830   670   930   580   950
D2_001LA1970  1010   540   660   820   830   890  1430   710  1350  1180
D2_001LA1980  1070   790   990   470   570   710     0   740   430   220
D2_001LA1990   730   720   750   330   370  1050  1150   950   710   820
D2_001LA2000  1250   920  1390  1240   560     0   390   980   980   650
D2_001LA2010   450     0   120   280   170     0    90   230 -9999
D2_003LA1914   280    90   280   160   410   330
D2_003LA1920   380   210   510   260   280   390   390   320   260   310
D2_003LA1930   360   550   290   350   120   420  1240   720   730   510
D2_003LA1940  1040  1530   950  1080  1280  1660   880   710   880  1210
D2_003LA1950   790   670   660   760   860  1470   710  1600  2190  1320
D2_003LA1960  1170  1110   810   950   930   860   530   540   500   810
D2_003LA1970   970   640   430   800   600   590   580    80   220   380
D2_003LA1980   430   550   650    60    50   130     0   320   100   130
D2_003LA1990   290   530   780   170   490   880   980   440   730   540
D2_003LA2000   510   840  1050  1110   550     0  1390  1250   410   430
D2_003LA2010   370     0   330   580   320     0    90   100 -9999
C2_002LA1890   960   700   580   550   770   100    70   170   160   330
C2_002LA1900   330   480   520   720   590   270   280   380   620   720
C2_002LA1910   420   420   510   710   700   170   560   870  1470  1120
C2_002LA1920  1100   750   570   630   400   270   280   340   470   640
C2_002LA1930   300   950  1190  1330  1000   810  1750   860   980   370
C2_002LA1940  1780  1550   790  1100  1800  1790  1730  1450  3140  1120
C2_002LA1950  2420  1500  1070  1270  1480  1790  1700  1280  3070  2160
C2_002LA1960  1490  2750  1590  1680  1510  1700   550  1040   480   930
C2_002LA1970  1510   250   600   900  1170   640   150   230   290   260
C2_002LA1980   250   430   130     0   260   770     0   850   760   520
C2_002LA1990   690  1070   850   330   530   690   530   640   450   160
C2_002LA2000   520   570   630   820   110     0   420   730   830   530
C2_002LA2010   420     0   120   180   210     0    80   120 -9999
H1_001LA1934   330  1170  2240  1060  1360   900
H1_001LA1940  1130  1710   810   940   920  1300   810   420   610   150
H1_001LA1950   100    70    90    70    70   160   160    80   260   280
H1_001LA1960   280   300   240   100   380   430   290   480   210   120
H1_001LA1970   310   200   160   260   390   460   120   120   130    60
H1_001LA1980   220    90   290     0   260   150     0   190   500     0
H1_001LA1990   290   530   410   350   450   840   970  1540  1360   980
H1_001LA2000  1260   860   840  1730  1540     0  1310  1150  1660  1480
H1_001LA2010  1910     0  1200  1330   820     0   980  3060 -9999
A1_008LA1895  1000  1310  2200  1870  1750
A1_008LA1900  1300  1730   980  1380  2160  1140   500  1040  1320  1200
A1_008LA1910  1310  1280  1420  1260  1210     0   600   890  1870  1000
A1_008LA1920  1600  1510  1700  1360   640   230   530   450  1050  1180
A1_008LA1930  1020  1950  1980  2360  1750   810  2180   570  1300   780
A1_008LA1940  1460  1310   800   990  1190   950   900   950  1340   720
A1_008LA1950  1040   710   470   900  1110  1400   890   460   890   740
A1_008LA1960   850  1510   710  1200  1090  1120   760  1100   480   350
A1_008LA1970   800   220   420   620   710   470    60     0    70    90
A1_008LA1980    80   260   230     0   250   290     0   170   270   110
A1_008LA1990   200   310   270   110   180   380   160   100   300    80
A1_008LA2000   290   260   700   510     0     0   290   260   620   390
A1_008LA2010   270     0   160    70   120     0    70   100 -9999
C1_005b 1865   810   840   560  1120   990
C1_005b 1870   430   400   370   250   310   580   120   200   200   170
C1_005b 1880   200   110   160   310   370   480   680   310   240   490
C1_005b 1890   310   290   370   320   320   210   310   540   590   550
C1_005b 1900   570   380   350   650   850   580   490   570   500   650
C1_005b 1910   710   510   930   570   720   190   490   770   940   940
C1_005b 1920  1080   840   890   730   670   360   690   870  1380  1150
C1_005b 1930  1120  1400  1890  1940  1700  1350  2100  1020  1330   340
C1_005b 1940  1730  1730  1360  1190  1170  1140  1560  1430  2620  1070
C1_005b 1950  1640  1250  1100  1540  1720  1560  1260  1180  1440  1240
C1_005b 1960  1330  2240  1180  1790  1180  1610   950  1430   710  1180
C1_005b 1970  1390   490   800   990  1320   700   200     0   450   820
C1_005b 1980   370     0   480     0   700   510     0   410   360     0
C1_005b 1990   650   620   860   250   200   530   430   620   770   240
C1_005b 2000   800   940  1140  1050   680     0   690  1370   840   550
C1_005b 2010   350     0   150   160   220     0   110   190 -9999
E1_009LA1879   130
E1_009LA1880   200   110    40   170   200   330   270   300   260   300
E1_009LA1890   460   320   320   240   330   260   250   260   200   390
E1_009LA1900   190   240   370   530   510   210   130   270   190   290
E1_009LA1910   260   310   320   360   280    60   190   280   360   320
E1_009LA1920   530   490   630   430   600   500   360   570   860  1020
E1_009LA1930   720  1100  1180  1980  1450  1010  1700   950   960   310
E1_009LA1940   960  1560  1150  1560  1950  2030  1970  1870  2510  1240
E1_009LA1950   940  1210  1000  1190  1440  1150  1870  1540  2390  1690
E1_009LA1960  1560  1780   870  1240  1150  1270   660   750   730   780
E1_009LA1970  1020   490   470   930   970   780   220     0   240   410
E1_009LA1980   490     0   260     0   290   260     0   320   790     0
E1_009LA1990   570   570   350   600   570   840   290   760   680   640
E1_009LA2000   420   430   210   360   420     0   390   240    50   110
E1_009LA2010   230     0   310   200   180     0    80    50 -9999
E2_011b 1947   730   840   430
E2_011b 1950   580   660   530   550   530   510   410   280   540   590
E2_011b 1960   810   750   350   360   530   440   280   340   340   210
E2_011b 1970   500   310   180   290   250   570   150     0    70   240
E2_011b 1980   250     0   380     0   430   380     0    80   160     0
E2_011b 1990   190    60   260   150   180   150    50   160    80    40
E2_011b 2000    40   230   240   170   210     0   170   110   150   240
E2_011b 2010   150     0   130   410   320     0   140   100 -9999
B1_007LA1879   460
B1_007LA1880   760   160   650   720   720   500   940   590   740   720
B1_007LA1890   710   710   640   920  1260   660   560   490  1090   960
B1_007LA1900   900   920   760  1040  1090   400   290   580  1470  1560
B1_007LA1910  1690  1190  1100  1210   880   330   780   950  1730  1780
B1_007LA1920  1700  1760  1910  1500  1240   800  1190  1480  1780  1300
B1_007LA1930  1790  1230  1510  2260  1660  1130  2290  1590  1570   760
B1_007LA1940  1920  2280  1390  1500  1530  2270  1710  1040  1840  1200
B1_007LA1950  1050  1370   900   860  1220  1230   830   470  1260   950
B1_007LA1960  1100  1540  1300  1600  1220  1670   810  1160   800   810
B1_007LA1970  1100   470   440   770   840   530     0     0   280   310
B1_007LA1980   380     0   270     0   240   430     0   160   190     0
B1_007LA1990   280   210   230   110   190   130   150   140   150    70
B1_007LA2000   110   150   200   150     0     0   170   260   340   230
B1_007LA2010   190     0    80   210   170     0   110   120 -9999
C1_004b 1926   690   510   400  1180
C1_004b 1930   820  1010  1640  1670   960  1290  1740   730  1190   370
C1_004b 1940  1190  1010   530   830   860   700  1160  1030  1740   620
C1_004b 1950  1050   610   450   640  1030  1300  1510   870  1400   910
C1_004b 1960   900  1550   510   910   420   480   280   590   400   870
C1_004b 1970  1040   320   320   680   840   200     0     0    70   110
C1_004b 1980    90     0   230     0    90   300     0  1000  1030     0
C1_004b 1990   280   210    50   800   900   600   150   390   360   330
C1_004b 2000   210   240   170   310     0     0   430   670   810   260
C1_004b 2010    90     0   580   480   250     0    50   180 -9999
D1_004LA1913  2210  2270  1020  1110  1830  4600  5200
D1_004LA1920  4210  4110  3300  1460   990  1150   470   610  1040   570
D1_004LA1930   820   930  1540  2330  2350  1960  1580   690   760   230
D1_004LA1940   820  1290   430   880   910   700   870   830  1410   400
D1_004LA1950   490   430   260   370   600  1000   740   450  1080   770
D1_004LA1960  1100  1330   670   890   860  1380   890   900   220   420
D1_004LA1970   790   390   170   610   760   530     0     0   200   170
D1_004LA1980   160     0   120     0   190   100     0   280   500     0
D1_004LA1990   470   530   430    90   300   300   280   180   400   350
D1_004LA2000   330   340   500   220     0     0   450   560   560   670
D1_004LA2010   440     0   630   430   270     0   230   160 -9999
F1_003LA1905   110   230   260   260   280
F1_003LA1910   250   250   330   530   440   530   530   610   760   960
F1_003LA1920  1150  1130  1090  1160   610   550   740   570   880   880
F1_003LA1930   660   720  1110  1500  1430  1130  1850   880   860   240
F1_003LA1940   760  1070   850   970  1460  1510  1380   130  1840   830
F1_003LA1950  1140   730   700   750  1150  1390  1340   820  1500   990
F1_003LA1960   980  1400   820  1130  1220  1470   870  1200   820   810
F1_003LA1970  1120   380   550  1240  1100  1340   720   240   630   880
F1_003LA1980   770   470   720   300   320   740     0   550   580   220   
F1_003LA1990   600   680   860   300   660   830   820   900  1590   680  
F1_003LA2000  1380  1350  1050  1120   590   680  1680  1670   980   840   
F1_003LA2010   300   500   710   200   130     0   170   570 -9999