A1_002  1913  4479  6330  4027  3591  3629  5090  5415
A1_002  1920  4831  2064  4171  4447  4321  5635  4828  4383  5284  4540
A1_002  1930  4393  3505  3937  4563  3520  4574  6105  4796  5365  5166
A1_002  1940  5023  5842  4230  3901  4581  5926  3382  4064  4149  3725
A1_002  1950  4207  3450  3659  4402  3089  3326  3806  3636  5493  3334
A1_002  1960  2229  3964  1820  3795  3259  3733  2047  2931  2197  1649
A1_002  1970  2670  1574  1449  1863  1574  2236  1724  2641  2547  2474
A1_002  1980  2597  3377  2422  2535  2667  1819  1480  2988  2615  2897
A1_002  1990  2756  1546  1975  1178  2419  1621  1580  1452  2291  1599
A1_002  2000  1747  1396  1645  2235  1646  1268  1898  1700  1574  1597
A1_002  2010  1471   966  1135  1260  1302  1256  1114  1294 -9999
A1_005  1939   687
A1_005  1940   522   524   627   607   545   669   643   419   797   689
A1_005  1950   611   635   508   655   584   807   565   485   687   484
A1_005  1960   423   660   499   802   702   380   666  1041   946   755
A1_005  1970   935   570   712   812   571  1061   897  1214  1055  1168
A1_005  1980  1022   886  1079  1036  1098   714  1142  1254  1374  1318
A1_005  1990  1256   942  1458  1270  1970  1388  1200  1377  1615  1263
A1_005  2000  1329  1630  1164  1228  1227  1015  1438  1269  1312  1672
A1_005  2010  1418  1269  1439  1078  1566  1651  1354  1584 -9999
B2_009  1929   825
B2_009  1930   825  1247   969  1009  1104   822   404   367   525   544
B2_009  1940   900  1057   551   435   676  1139   692   598   438   761
B2_009  1950  1008   565   661   795   858   773   521  1502   740  1015
B2_009  1960   825   783   614   847  1058   931   929  1414   615   593
B2_009  1970   995   677   843   843   887   423  1121   529   698   738
B2_009  1980   189   231   525   558   368    63   137   157   159   210
B2_009  1990   327    63   210   379   253   337   210   337   168   316
B2_009  2000   190   275   243   159   212   107   189   254   275   381
B2_009  2010   190   169   444   423   339   202    85    84 -9999
D2_007  1955  1118   970   931  1349  1024
D2_007  1960  1305  1204   833  1163  1270  1105  1147  1602  1431  1302
D2_007  1970  1810  1202  1565  1545   889  1310  1388  1580  1300  1127
D2_007  1980  1194  1032  1235  1113   826   977  1004  1671  1715  1951
D2_007  1990  1748  2671  2983  1810  1978  1578  2504  3092  2853  2074
D2_007  2000  1795  1257  1104  1513  1113  1008  1417  1500  1752  1583
D2_007  2010  1477  1245  2163  2395  2461  2176  1522  1851 -9999
E1_011  1951   384   373   525   374   487   196   245   482   394
E1_011  1960   139   270   470   338   487  1016   317   254   176   500
E1_011  1970   570   612   465   443   169   400   398   439   563   508
E1_011  1980   662   502   361   441   338   466   453   731   466   487
E1_011  1990   400   341   507   401   401   373   174   229   318   208
E1_011  2000   252   345   308   592   444   572   593   423   592   549
E1_011  2010   486   443   359   190   316   423   381   205 -9999
E1_012  1974   635  1143   770   734   784   785
E1_012  1980   803   805   732   600   516   397   610   632   438   438
E1_012  1990   625   709   814   587   610   506   422   507   677   190
E1_012  2000   296   339   254   296   275   275   402   359   443   506
E1_012  2010   379   464   502   560   742   639   557   499 -9999
F2_001  1903   675   471   477   253   319   344   207
F2_001  1910   167   375   248   355   543   406   286   650   369   482
F2_001  1920   514   377   360   422   524   758   871   621   890   605
F2_001  1930   457   629   605   869   778  1452  1569  1097  1456  1454
F2_001  1940  1456  1687   824   931   973  1513  1428  1302  1300  1177
F2_001  1950  1601  1467  1195  1090   818   904   821   843   927   822
F2_001  1960   463   545   669   795   921   879   818  1627  1122   741
F2_001  1970  1143   804   782   887   990  1180  1097  1118   950   885
F2_001  1980   862   926   842   968   966  1026   755  1007  1138  1330
F2_001  1990  1014   824   974   571  1439  1037  1015   931  1058  1160
F2_001  2000  1245  1225  1078  1247  1078   825  1015   951   823  1011
F2_001  2010   820   649  1113   846   825   889   677  1037 -9999
F2_002  1970   951   550   719   741   656  1016   758  1276   708  1044
F2_002  1980  1193   733   899   667   437   540   395   333   353   544
F2_002  1990   398   692   701   454   827   803   904   920   923   823
F2_002  2000  1072   863   632   927   653   910  1058   952  1012  1596
F2_002  2010  1091  1177  1242  1245  1501  1702  1471  2315 -9999
F2_003  1920  1122  1635  1277  1606  1371  1643  1549   961  1488  1319
F2_003  1930  1415  1513  1360  1494  1468  1672  2480  2299  3111  2730
F2_003  1940  2539  3323  1711  2345  2703  2953  2174  2660  3022  2686
F2_003  1950  2750  2560  2386  2386  1921  2323  1330  1899  2805  2345
F2_003  1960  2194  1961  1638  2033  2267  1908  1674  2360  1716  1488
F2_003  1970  2448  1579  1437  1860  1920  2448  1958  2141  1825  1872
F2_003  1980  1347  1664  1769  1624  1870  1830  1243  2135  2114  2370
F2_003  1990  1903  1247  1748   968  1724  1535  1450  1438  1662  1668
F2_003  2000  2247  1618  1537  1201  1141   825  1545  1228   931  1016
F2_003  2010  1037   783  1291  1227  1206  1206   931  1480 -9999
F2_011  1970   423    92   106   282   261   275   275   360   444   560
F2_011  1980   333   444   423   507   296   360   381   487   529   696
F2_011  1990   401   569   590   547  1012   507   317   783  1354   487
F2_011  2000   508   952   571   529   571   380   803   507   550  1079
F2_011  2010  1140   759   759   844  1538  1750  1603  1797 -9999
G1_003  1944  1480  2197   950  1673  2115  1956
G1_003  1950  1577  1208  1233  1193  1504  1675  1393  1350  1745  1480
G1_003  1960  1561  1727  1748  1671  1529  2041   899   979   771   918
G1_003  1970  1269   704   906  1316  1089   888  1127  1239  1443  1423
G1_003  1980  1283  1599  1599  2354  1685  1562  1057  1587  1385  2531
G1_003  1990  1714  1518  1664  1223  2068  1563  1542  1521  1911  1785
G1_003  2000  1974  1478  1115  1616  1597  1550  1855  1327  1240  1458
G1_003  2010  1245  1078  1648  1754  1737  1575  1252  1692 -9999
G1_005  1919   191
G1_005  1920   255   148   252   275   381   508   529   296   317   529
G1_005  1930   423   677   728   741   905  1047  1189  1165  1148  1356
G1_005  1940   959  1686  1308  1368  1619  1826  1119  1226  1376  1312
G1_005  1950  1143  1054  1326  1158   948  1734  1394  1163  1756  1160
G1_005  1960  1572  1009   906   944  1307  1057  1182  1235   987   967
G1_005  1970  1623  1012   527  1288  1457  1616  1206  1248  1225  1249
G1_005  1980  1333  1206  1079  1057  1407  1658   866  1204  1119  1712
G1_005  1990  1164   508   825   698  1397   974  1354   825  1037  1376
G1_005  2000  1672  1524  1408  1567  1098   719   994   761   888   952
G1_005  2010   825   825  1160   802  1308  1527   929  1576 -9999
