HA2401  1815   201   222   190   180   175
HA2401  1820    85   127    69    90    76    81    74    71    71    81
HA2401  1830    95   144   169   243   233   201   201   127   169   203
HA2401  1840    48   173   233   148   138   127   159   106   127   180
HA2401  1850   148   159   143   111   137   169   169   200   211   190
HA2401  1860   221   169   148   148   147   196   194   116   158   168
HA2401  1870   200   157   178   210   126   136   101   114    96    64
HA2401  1880    52    50    90    74    73    59    55    67   105   130
HA2401  1890   105    95   105   179   190   180   158   180   222   233
HA2401  1900   275   328   264   254   328   275   317   286   349   370
HA2401  1910   389   400   296   360   233   317   429   512   550   360
HA2401  1920   518   592   708   539   656   635   921   900   698   921
HA2401  1930  1090  1153   740   663   623   585   671   610   765   753
HA2401  1940   662   709   593   656  1037   645   709   667   677   529
HA2401  1950   423   529   407   562   608   508   582   519   592   548
HA2401  1960   443   748   536   342   467   368   421   683   442   516
HA2401  1970   791   749   665   918   645   613   697   787  1399   873
HA2401  1980   812   813   813   592   592   664   725   620   547   586
HA2401  1990   760   668   434   730   582   730   600 -9999
HA3201  1930   402   360   254   286   212   180   148   127   201   222
HA3201  1940   211   179   158   305   306   379   332   339   412   222
HA3201  1950   168   196   263   287   199   219   271   134   133   168
HA3201  1960   140   253   200   211   147   158   180   146   125   141
HA3201  1970   190   183   155   227   110    67    65    37   113    49
HA3201  1980    81   167    70   133   159   153   154   121   102   148
HA3201  1990   179   167   118   133    95   216   195   258 -9999
HA3207  1911   194   254   126   167   175   242   189   200   116
HA3207  1920   189   211   174   146   136   157   273   252   240   344
HA3207  1930   278   345   249   111   197   121    99   133   204   215
HA3207  1940   338   452   490   401   634   461   286   317   392   159
HA3207  1950   180   286   233   339   317   317   508   451   473   316
HA3207  1960   253   348   327   253   328   233   370   413   296   286
HA3207  1970   444   423   455   581   421   357   419   377   640   428
HA3207  1980   553   512   526   514   525   490   400   283   475   367
HA3207  1990   421   612   285   409   382   500 -9999
HA3212  1891    34    99   129   129   168   309   131   255   185
HA3212  1900   332   453   286   109   101   143   181   220   150   181
HA3212  1910   148    69   130   129   152   199   217   188   311   177
HA3212  1920   368   370   381   381   497   666   589   582   465   560
HA3212  1930   485   442   408   400   557   526   606   441   737   613
HA3212  1940   674   900   658   605   867   955   873   896   946   547
HA3212  1950   525   556   451   798   714   652   802   729   877   793
HA3212  1960   528   928   822   769   590   453   453   653   674   958
HA3212  1970  1060   717   951  1124   917   822   885   853  1083   954
HA3212  1980  1022  1205  1121   916   835  1150  1037  1004  1087   981
HA3212  1990  1151  1194  1162  1278  1014  1376  1207 -9999
HA3219  1923   119    89    76   101    83    71    84
HA3219  1930    76    87    63    72   128   148   113   114   155    94
HA3219  1940   129   111   124   138   152   232   115   151   200    72
HA3219  1950    92    89    84   158   113   174   145   183   190   139
HA3219  1960   115   190   151   148   139   108   148   233   119   216
HA3219  1970   370   216   217   300   175   116   189   221   253   205
HA3219  1980   254   294   303   206   207   239   175 -9999
HA4411  1933   655   878   655   794   592   730   465
HA4411  1940   431   491   400   384   442   348   350   404   493   343
HA4411  1950   324   335   281   369   495   606   636   457   427   396
HA4411  1960   308   452   410   492   432   306   403   438   341   419
HA4411  1970   528   472   457   669   531   437   491   517   908   840
HA4411  1980   769   918   835   708  1036  1016   825   889   902  1012
HA4411  1990  1188  1310  1246  1143   785   832   938   848 -9999
HA5402  1889   128
HA5402  1890   121    71    69    81   108   115   107    96   107    95
HA5402  1900    35    99    60    55    60   106   179    85   127   166
HA5402  1910   186   255   194   193   185   298   249   219   304   157
HA5402  1920   174   123    81    95    90   126    84   157   262   377
HA5402  1930   334   427   417   479   490   397   559   464   495   482
HA5402  1940   469   668   679   617   702   588   676   815   762   665
HA5402  1950   615   644   631   536   370   402   402   455   497   391
HA5402  1960   349   412   496   528   464   411   505   526   432   484
HA5402  1970   620   536   557   726   613   423   476   444   878   783
HA5402  1980   772  1015  1048   893   898   906   926   749   793   772
HA5402  1990   866  1174   707   866   654   686   813   598 -9999
HA6204  1900   231   161   297   289   214   227   182   219   297   307
HA6204  1910   302   361   345   543   613   528   592   462   617   481
HA6204  1920   578   646   485   660   528   628   566   595   550   522
HA6204  1930   514   542   416   398   509   425   380   323   385   438
HA6204  1940   429   435   431   392   450   311   366   460   468   357
HA6204  1950   345   320   299   313   281   274   290   267   213   260
HA6204  1960   269   369   286   249   350   288   272   264   169   208
HA6204  1970   263   258   199   239   263   217   310   294   285   287
HA6204  1980   204   335   163   231   169   181   205   238   173   175
HA6204  1990   219   294   166   122   102 -9999
HA6303  1913   328   277   237   270   218   323   290
HA6303  1920   370   346   426   270    60    61    44    63    46    75
HA6303  1930    99   130    99   129   138   118   128   138   130   131
HA6303  1940   142   130   110   150   210   181   181   181   192   131
HA6303  1950   142   142   123   191   145   148   218   149   197   138
HA6303  1960   139   192   171   121   142    71   123   165   105   124
HA6303  1970   151   103   130   131   117   108   126    74   186   179
HA6303  1980   165   166   159   128   145   174   144   143   175   196
HA6303  1990   196   144   123   138   167   201 -9999
HA6401( 1844   511   346   474   466   627   443
HA6401( 1850   580   485   375   154   352   487   429   147   251   157
HA6401( 1860    85   130    94    93    82    73    68   101    73   123
HA6401( 1870   143   276   204   173   187   210   155   177   166   216
HA6401( 1880   154   154   144   153   146   113    72    57    54    73
HA6401( 1890   171    74   103    92   102    82   144   130    66    62
HA6401( 1900   113   154   107    84   114   179   168   105   158   129
HA6401( 1910   109    78   121    78   117   141   110    96   100    68
HA6401( 1920   105    84    88   106    95   116   169   148   180   222
HA6401( 1930   252   251   156   104    93   105   102    66   138   122
HA6401( 1940   140   222   547   678   781   914   696   740   750   526
HA6401( 1950   579   598   684   520   573   407   576   606   675   603
HA6401( 1960   570   625   524   344   396   304   345   460   359   579
HA6401( 1970   588   432   432   554   672   714   508   467   570   486
HA6401( 1980   581   541   594   449   585   522   491   532   421   517
HA6401( 1990   677   771   685   654   528   539 -9999
HA6405  1854   279   137   218   123   186   119
HA6405  1860   225   224   126   177   197   116   111   120   107   109
HA6405  1870   115   111   111   102   116    95   109    73    74    69
HA6405  1880    74    60    72    73    68    71    64    65    78   104
HA6405  1890    92    93    95   117   101    92    87   115    89    71
HA6405  1900    90   153   157   176   155   177   181   107   116   147
HA6405  1910   123   103   108   140   129   163   158   232   266   212
HA6405  1920   242   289   294   157   205   205   267   338   264   317
HA6405  1930   239   226   190   243   254   183   209   209   257   269
HA6405  1940   321   211   211   246   218   161   133   130   175   109
HA6405  1950   162   151   201   254   211   190   278   228   296   264
HA6405  1960   190   243   265   303   112   120   124   142   134   121
HA6405  1970   115   101   106   139   158   181   186   215   200    68
HA6405  1980   245   241   158   179   201   186   280   218   213   323
HA6405  1990   301   170   225   228   270   286 -9999
HA6503  1887    70    90    76
HA6503  1890    65    51    50    60    86    39    60    94    82    75
HA6503  1900    92   137   188   121    75   108   126    82    74   109
HA6503  1910   247   111   116   132    70    94   101   107    66   122
HA6503  1920   114    91    64   106   114   223    87   209    99    58
HA6503  1930    68   121    89    64   157   222   206   159   171   127
HA6503  1940   183   310   547   267   349   501   553   496   373   281
HA6503  1950   560   772   570   530   362   404   464   583   780   777
HA6503  1960   649   819   688   723   890   647   729   838   637   573
HA6503  1970   708   447   592   580   363   248   348   289   424   396
HA6503  1980   296   411   536   358   447   332   485   381   413   340
HA6503  1990   461   281   246   222   182   150   123 -9999
HB1311  1924   146   146   255   116   218   270
HB1311  1930   130   232   233   114   324   210   167   155   315   299
HB1311  1940   328   203   256   343   394   325   391   370   391   274
HB1311  1950   337   442   422   538   454   608   433   390   444   316
HB1311  1960   273   397   293   371   490   350   639   614   663   596
HB1311  1970   780  1395  1237  1302   601   513   396   694  1248   368
HB1311  1980   409   376   311   243   275   299   217   200   137   121
HB1311  1990   181   196    81    84   125   133   218 -9999
HB1320  1866   115   455   243   381
HB1320  1870   179    95    53   116   208    85   107    81   129    84
HB1320  1880    87   122   133   179   106   158   200   233   169   180
HB1320  1890   174   174   215   145   169   138   190   222   169    63
HB1320  1900   127   127   105   106   116   116   201   127   127   210
HB1320  1910   295   274   317   239   165   201   201   212   286   264
HB1320  1920   317   201   254   233   169   265   265   307   408   554
HB1320  1930   666   656   402   434   413   328   528   317   343   341
HB1320  1940   424   466   285   408   483   434   476   402   550   349
HB1320  1950   455   486   306   463   337   274   379   473   356   261
HB1320  1960   153   256   315   324   188   156   200   250   232   325
HB1320  1970   653   358   318   419   180   206   352   359   381   302
HB1320  1980   391   451   357   221   307   320   338   290   412   261
HB1320  1990   468   409   469   246   153   297   276   406 -9999
HB2311  1941   733   925  1721  1110   645   845   439   592   628
HB2311  1950   656   812   781   855   683   690   824   663   816   481
HB2311  1960   498  1007   813   839   690   541   644   959   693   721
HB2311  1970   797   721   804  1068   731   580   907   759  1077   598
HB2311  1980   858  1121  1031   736   794  1057  1141  1149   793   530
HB2311  1990   980  1142   672   990   722  1127   973  1150 -9999
HB3307  1920   358   399   367   338   688   405   327   292   188   344
HB3307  1930   250   262   167   115   182   128   107   136   178   200
HB3307  1940   164   249   432   349   391   212   180   201   242   145
HB3307  1950   264   370   404   450   325   355   320   183   294   336
HB3307  1960   230   333   302   261   136   189   168   147   221   201
HB3307  1970   158   138   190   233   138   119   140    99   156   125
HB3307  1980   165   165   185   115   125   173   119   162   123    94
HB3307  1990   159   123    98    59   115   111   197 -9999
HB4328  1835   206   201   169   143   223
HB4328  1840   211   259   359   201   169   190   106   115   287   185
HB4328  1850    58    58    53    63    64   101   121    64   148   127
HB4328  1860    64    79    82    81   158   128   127   116   138   137
HB4328  1870   148   121   165   189   179   164   158   201   185   152
HB4328  1880   186   355   286   280   143   142   128   157   212   185
HB4328  1890    95   285   217   199   123   132   196   180   190   127
HB4328  1900   322   402   265   221   360   350   275   283   422   347
HB4328  1910   421   370   379   421   369   264   370   454   443   380
HB4328  1920   382   412   520   419   423   275   317   307   275   317
HB4328  1930   232   196   162   179   201   154   251   228   307   381
HB4328  1940   391   328   275   275   413   571   496   588   577   366
HB4328  1950   377   355   355   302   328   395   476   406   559   646
HB4328  1960   432   527   671   506   320   321   436   473   461   313
HB4328  1970   438   470   501   637   502   440   472   483   471   492
HB4328  1980   549   423   466   381   275   418   417   478   422   286
HB4328  1990   423   402   370   391   232   370   359   333 -9999
HB4332  1929    82
HB4332  1930    73    70    73    60    70    63    52    71    46    70
HB4332  1940    64   127   159   190   159   138   233   148   159   146
HB4332  1950   181   190   138   159   222   263   284   231   210   250
HB4332  1960   178   192   132    73    77    59    75    99   112   141
HB4332  1970   156    85    61    50    91    71    99    76    79    78
HB4332  1980   143   133   100   206   123   184   123   159   134    71
HB4332  1990 -9999
HB4420  1902   401   358   430   562   569   527   564   682
HB4420  1910   894   980   790   684   758  1042   977   988   862   578
HB4420  1920   830   788   778   641   598   566   691   681   732   859
HB4420  1930   912   712   746   485   466   399   557   363   628   638
HB4420  1940   751   753   810  1026  1312   880   860  1047  1039   758
HB4420  1950   809  1047   906   970  1077   912  1049   839   954   826
HB4420  1960   714  1014   853   497   662   352   507   613   510   655
HB4420  1970   726   500   598   755   569   479   506   555   937   625
HB4420  1980   847   826   896   665   833   940   822   748   506   578
HB4420  1990   846   742   355   555   537 -9999
HB5322  1849    26
HB5322  1850    43    67    63    49    46    59    98    34    54    62
HB5322  1860    33    39    61    62    76    50    58    89    31    74
HB5322  1870    53    51    42    44    72    57    63    28    60    77
HB5322  1880    63    42    63    49    56    38    52    45    44    74
HB5322  1890    63   104    66    60    64    80    65    52    73    84
HB5322  1900   105   102    61    67    62    48    59    53    84   102
HB5322  1910    64    78    55    69    84   137   127   106   116    76
HB5322  1920   130    80    95    85   106   106   145   164    88   194
HB5322  1930    63   151   130    54   169   137   296   454   565   418
HB5322  1940   438   419   420   453   654   592   561   550   508   275
HB5322  1950   243   614   539   804   824   729   920   603   614   634
HB5322  1960   495   526   494   210   504   199   365   505   318   581
HB5322  1970   732   789   654   938  1121  1062   794   995  1143   497
HB5322  1980   550   434   381   299   335   402   370   265   307   265
HB5322  1990   339   313   147   193   220   280   419   412 -9999
HB5415  1854   128   195   216   113   174   146
HB5415  1860   167   178   261   211   348   274   369   379   388   398
HB5415  1870   220   402   493   262   297   115    74    60    92    93
HB5415  1880   117    81    82   106    73   153   119   314   343   488
HB5415  1890   293   388   880   814   824   423   692   920   338   338
HB5415  1900   752  1036   483   268   432   527   927   315   990   515
HB5415  1910  1081  1135  1020  1282   851  1389  1135   988  1542   647
HB5415  1920   932   630   743   560   715   745   980   815  1083  1500
HB5415  1930  1039  1318  1313   894   989   824   667   832  1159  1527
HB5415  1940   879  1100  1277  2485  1918  1605  1337  1276   670   360
HB5415  1950  1047  1389   964  1006  1158  1051  1671  1385  1102  1962
HB5415  1960  1991  1836  1257   830   843   579   770   926   530   562
HB5415  1970   858  1115   716  1008   827   825   761   707   824   538
HB5415  1980   812   871   788   722   563   816   904   623   402   634
HB5415  1990  1061  1103   888 -9999
HB6108  1904   226   162   170   102   112   164
HB6108  1910   136   250   210   168   243   243   201   254   218   237
HB6108  1920   262   361   278   307   243   311   296   265   317   411
HB6108  1930   276   322   310   204   255   255   162   132    98   195
HB6108  1940   151   252   171   111   171   160   188   306   232   233
HB6108  1950   233   255   123   120   222   194   184   241   241   242
HB6108  1960   136   140   121    82   100    80    95   246   139   114
HB6108  1970   155    69   109   110    66    61    53    63    77    57
HB6108  1980    77    89    84    82    70    78    78    77    75    98
HB6108  1990   145   121    94   111   123   196   222 -9999
HC2507  1909   338
HC2507  1910   296   274   244   221   349   465   423   349   486   325
HC2507  1920   444   254   307   307   233   275   497   201   190   243
HC2507  1930   138   285   201   158   148   127   189   116   232   359
HC2507  1940   245   258   314   241   440   377   335   397   450   273
HC2507  1950   262   337   410   401   359   529   519   358   446   406
HC2507  1960   334   324   367   315   231   200   221   275   360   307
HC2507  1970   381   349   381   454   484   432   527   401   581   444
HC2507  1980   540   762   803   707   683   815   688   667   709   730
HC2507  1990   865   769   609   924   682   820 -9999
HC2514  1930   621   740   644   497   646   467   532   406   679   545
HC2514  1940   566   737   655   507   972   813   860  1098   896   521
HC2514  1950   585   735   536   662   666   583   751   408   524   451
HC2514  1960   423   529   718   604   407   377   408   524   546   516
HC2514  1970   951  1004   973  1245   796   682   904  1278  1659   898
HC2514  1980  1288  1278  1246   996   752  1079  1042   852   681   774
HC2514  1990  1352  1459  1068  1201   764  1214 -9999
HC2517  1937   264   381   476
HC2517  1940   475   611   622   692   905   970   644   939   847  1038
HC2517  1950  1128  1181   843  1295  1817  1152  1047   878  1048   847
HC2517  1960   782   951   910   677   709   719   899  1162   891  1069
HC2517  1970  1507  1275  1100  1379   671   620   844  1226  1386   856
HC2517  1980   951   655   437   243   137   212   127   116   128   127
HC2517  1990   265   211   137   106    95   160 -9999
HC3101  1940   455   497   529   381   476   423   465   466   520   466
HC3101  1950   412   802   556   655   558   487   380   285   381   487
HC3101  1960   508   528   413   278   491   497   735   997   558   732
HC3101  1970  1255   994   974  1183   741   709   687   730   836   539
HC3101  1980   761   825   847   777   495   588   519   313   448   458
HC3101  1990   834   866   631   438   412   562 -9999
HC3413  1928  1342  1903
HC3413  1930  1081  1325   919   869   983   739   982   865  1046   950
HC3413  1940   856  1323  1397  1482  2063  1742  1268  1776  1863  1466
HC3413  1950  1624  2067  1818  1703  1692  1704  1439  1270  1587  1429
HC3413  1960   783  1026   940   893   832   570   697   750   750   715
HC3413  1970  1058   856   822   919   697   539   740   497   824   692
HC3413  1980   661   819   842   603   612   746   673   769   811   621
HC3413  1990   769   684   557   735   811   867 -9999
HC3504  1909   385
HC3504  1910   366   274   327   148   137   317   338   211   339   212
HC3504  1920   264   190   181   169   181   143   107   112   135   219
HC3504  1930   136   293   230   132   157   138   140   121   168   241
HC3504  1940   284   358   360   455   709   571   434   391   495   319
HC3504  1950   360   412   475   484   463   630   634   412   669   418
HC3504  1960   450   522   555   371   496   321   476   466   426   476
HC3504  1970   630   444   444   516   325   229   301   248   381   277
HC3504  1980   358   562   721   642   520   636   553   522   543   398
HC3504  1990   526   436 -9999
HC3511  1916   160    86   103    66
HC3511  1920    79    37    63    32    96    93   190   106    95   137
HC3511  1930    95   190   201   106   158   137   180   148   355   343
HC3511  1940   466   475   527   312   552   608   643   707  1068   871
HC3511  1950   797   713   303   534   545   450   523   448   437   260
HC3511  1960   229   395   470   345   439   408   619   767   575   729
HC3511  1970  1110   847  1007  1126   661   706   766  1106  1130   817
HC3511  1980   655   831   667   630   515   725   683   550   549   533
HC3511  1990  1014   776   439   367 -9999
HC4402  1946   602   752   871   760
HC4402  1950   601   641  1090   811   848  1175  1191   881   817  1086
HC4402  1960  1010   982  1401   854  1051  1001   913  1301  2164  1705
HC4402  1970  1746  1090  1794  1309  1326  1341  1508  1405  1635  1277
HC4402  1980  1817  1634  1674  1647  1451  1587  1825  1519  1701  1903
HC4402  1990  1733  2060  2453  1721  1352  2333 -9999
HC4405  1900   190   172   107    30    44    53    75    40    92   126
HC4405  1910   168   274   210   147   158   189   273   273   315   221
HC4405  1920   389   315   441   285   230   398   462   420   505   568
HC4405  1930   379   549   380   262   200   232   211   180   317   360
HC4405  1940   476   529   402   444   666   507   508   444   518   384
HC4405  1950   448   472   421   558   632   547   600   464   485   565
HC4405  1960   386   518   582   508   694   481   698   835   592   729
HC4405  1970  1279  1036  1058  1312   900  1086  1024  1046  1322   730
HC4405  1980   762   825   857   783   666   729   772   434   508   455
HC4405  1990   601   622   464   537   373   528 -9999
HD1101  1956   728   619   522   416
HD1101  1960   339   345   217   200   437   427   506   669   591   413
HD1101  1970  1748   580  2251  1554   923   455   599   458   327  1008
HD1101  1980   477   558   518   501   549   616   596   597   746   781
HD1101  1990  1054  1442  1434  2371  2214  2811 -9999
HD2015  1904    45    76    54    40    79    38
HD2015  1910    42    49    42    30    17    44    44    44    39    81
HD2015  1920    51    60    83    58    80    63   127   106   120   123
HD2015  1930    94   116   135   148   137    84    74    95   159   275
HD2015  1940   193   256   245   110   391   412   423   544   651   349
HD2015  1950   391   497   584   420   520   610   456   300   326   212
HD2015  1960   233   620   495   317   380   286   391   419   278   380
HD2015  1970   509   340   570  1035   994   423   582   709   688   963
HD2015  1980  1106  1402  1394  1026  1195   772  1204  1029   850   845
HD2015  1990   921  1153  1217  1270   698  1074 -9999
HD2108  1906   208   141   156   213
HD2108  1910   128   142   156   132   132   180   151   147   199   219
HD2108  1920   285   264   327   262   293   314   336   263   242   317
HD2108  1930   264   349   336   179   399   262   283   189   367   398
HD2108  1940   493   556   388   451   546   641   653   264   750   549
HD2108  1950   664   580   474   454   422   452   589   452   592   423
HD2108  1960   327   421   442   337   337   317   306   347   274   486
HD2108  1970   465   359   316   485   359   359   454   517   570   453
HD2108  1980   463   611   611   453   653   577   616   637   616   587
HD2108  1990   887   896   748   922   940  1132 -9999
HD2110  1935   360   380   169   363   621
HD2110  1940   508   646   688   444  1016   960   597   810   990   481
HD2110  1950   544   609   463   397   335   398   495   274   432   412
HD2110  1960   349   582   561   704   692   528   581   527   464   549
HD2110  1970   591   455   466   878   677   497   814   654   918   527
HD2110  1980   885  1021  1000   716   884   729   792   708   794   624
HD2110  1990  1026  1089   973  1437   890  1304 -9999
HD2111  1892   159   179   337   334   339   402   656   529
HD2111  1900   444   423   444   223   282   375   416   209   367   525
HD2111  1910   401   306   328   243   212   201   169   211   285   222
HD2111  1920   349   275   265   159   201   148    90    72   160   195
HD2111  1930   148   264   200   116   168   158   211   137   242   262
HD2111  1940   271   447   375   417   607   651   589   516   590   495
HD2111  1950   493   458   572   380   412   455   635   529   666   402
HD2111  1960   296   540   540   762   508   434   597   475   512   629
HD2111  1970   940   831   608  1040  1022   583   981   802  1193   760
HD2111  1980   952  1078   949   653   780   544   619   646   582   582
HD2111  1990   719   814   508   761   381   614 -9999
HD2301  1923   114   314   323   433   503   418   555
HD2301  1930   419   408   346   221   179   145   215   246   195   370
HD2301  1940   317   232   156   150   137   232   274   253   264   179
HD2301  1950   148   180   169   317   423   476   444   243   431   264
HD2301  1960   296   381   402   392   540   476   518   582   349   677
HD2301  1970  1195   730   666   571   697   772   634   613   804   815
HD2301  1980   952  1228  1122  1333  1185  1058  1099   921  1247  1311
HD2301  1990  1279  1734  1269  1517  1279  1503 -9999
HD2401  1932    69    65    61    61    67   106    71    82
HD2401  1940    70    93    77    81    81    71    67    60    81    60
HD2401  1950   136   107    85   148   115    94    50    75   102   115
HD2401  1960   114   177   156   177   250   199   335   468   184   212
HD2401  1970   321   381   476   719   465   560   486   632   918   833
HD2401  1980   706   980  1025   874   888  1005   845   778  1194  1197
HD2401  1990  1871  2093  1850  2145  1579  2520 -9999
HD3102  1907   453   580   633
HD3102  1910   486   614   646   497   389   309   360   298   308   174
HD3102  1920   290   302   197   176   104   135   145    94   156   282
HD3102  1930   178   272   230   209   188   208   344   189   416   731
HD3102  1940   521   789   647   606   884   710   826   828   860   703
HD3102  1950   681  1047   608  1150   974   968  1156  1144  1277  1106
HD3102  1960  1070  1321  1284  1266  1083   992  1059  1111   879   955
HD3102  1970  1215  1428  1512  1853  1314   954  1295  1263  1426   952
HD3102  1980  1079  1174  1216  1027   857   888   920   836   920   847
HD3102  1990  1132  1323   900  1196   888  1042 -9999
HD4108  1900   159   243   323   385   327   391   496   275   486   423
HD4108  1910   275   317   307   207   175   153    97   130   359   285
HD4108  1920   380   380   381   286   190   158   111   143   161   147
HD4108  1930   115   148   164   142   165   163   150   142   305   410
HD4108  1940   484   463   388   460   835   886  1002  1023   947   953
HD4108  1950   769   760   761   821   926  1061   979   814  1196   789
HD4108  1960   550   751   656   686   549   717   834   939   794   761
HD4108  1970   908   642   807   739   825   711   797   899  1030   642
HD4108  1980   931   638   633   394   343   399   504   575   630   665
HD4108  1990   917  1042   864  1147   841   940 -9999
HD4110  1894   534   100   113   161   156   103
HD4110  1900    60   187   156   156    95    87    78    57    95   232
HD4110  1910   253   275   328   211   168   221   200   201   425   383
HD4110  1920   499   462   518   296   391   566   494   520   547   611
HD4110  1930   642   794   603   666   740   645   778   404   889  1037
HD4110  1940   949  1431  1415  1511  2038  1586  1765  1561  1517  1263
HD4110  1950  1672  1315  1288  1723  1616  1451  1449  1269  1163  1184
HD4110  1960   633  1110  1100  1032   858  1272  1252  1014   921   794
HD4110  1970  1087   813   879  1165  1236   791   798   817   618   646
HD4110  1980   757   855   690   604   729   521   677   715   690   683
HD4110  1990   776   724   560   851   713   729 -9999
HD4111  1924   497   539   655   800   669   673
HD4111  1930   798   813   751   741   930   801   865   537   844   680
HD4111  1940   723  1030   920  1132  1185  1247  1058  1238   910   952
HD4111  1950  1193  1165  1217  1323  1141  1078  1230  1042  1398  1364
HD4111  1960   850  1185  1259  1154   878   984  1121   942   994   840
HD4111  1970  1185   644   877  1026   666   765   807   962  1121   963
HD4111  1980   963   900   857   687   784   759   741   751   741   847
HD4111  1990   804   783   740   751   667   804 -9999
HD4112  1890   112    87   100   240   126   100   136    85    78    77
HD4112  1900    99   106    85   148   138   159    85   127    90   216
HD4112  1910    62    68    49    52    59   100    75    73   117    37
HD4112  1920   113   107   185   156   220   168   199   148   159   118
HD4112  1930    94    82    49    47    42    40    59    72    99   126
HD4112  1940   136   200   313   352   311   322   332   354   417   250
HD4112  1950   250   243   230   190   233   317   338   148   201   137
HD4112  1960   127   190   137   191   107    83    93   125   125   126
HD4112  1970   158   132   122   159   127   116   116   127   158   169
HD4112  1980   168    91 -9999
HD4115  1948  1650  1430
HD4115  1950  1424  2085  1601  1750  1324  1474  1317  1209  1561  1360
HD4115  1960   753  1312  1393  1287  1087   992  1133  1125   914   916
HD4115  1970  1310   947   853  1276  1099   901  1150  1157  1469  1061
HD4115  1980  1050  1185   869   735   810   938   896   939   886   654
HD4115  1990  1027   741   392   966   841   989 -9999
HD4118  1891   129   115   165   175    89    97    88    59    57
HD4118  1900   100   188   136    92    76    86   127    51   136   190
HD4118  1910   148   114   124    59    71    81   100    77    85    34
HD4118  1920    54    48    59    66    85   106   130    68    47    40
HD4118  1930    54   116    74    74   156   114    79    80   130   232
HD4118  1940   220   251   236   171   306   380   434   507   729   508
HD4118  1950   528   688   465   571   381   528   620   485   665   399
HD4118  1960   531   666   771   508   687   423   486   640   479   602
HD4118  1970   802   617   726   716   559   624   712   741   970   689
HD4118  1980   769   874   742   599   758   685   718   974   735   672
HD4118  1990   888   877   834  1211   890  1015 -9999
HD5102  1956   472   357   568   547
HD5102  1960   789  1194  1274  1224  1066   815   936   956   508   975
HD5102  1970  1547  1284  1446  1619  1838  1254  1499  1437  2088  1554
HD5102  1980  1845  1862  1512  1197  1264  1004  1234  1162   795   974
HD5102  1990  1435  1615  1051  1561  1239  1299 -9999
HE3204  1888   158   232
HE3204  1890   175    78    75    55    63    53   105   201   190   117
HE3204  1900   143   112   109   110   180   213   194   131   205   164
HE3204  1910   229   178   294   283   253   359   349   212   187   156
HE3204  1920   179   183   280   109    75    71    69   185   243    80
HE3204  1930    72    66    76   129   112    76    80    53    87    88
HE3204  1940   112   159   127   116   242   228   257   264   248   130
HE3204  1950   189   186   237   289   222   201   265   201   254   286
HE3204  1960   296   348   356   177   175   209   233   269    99   127
HE3204  1970   239   254   228   300   178   266   173   134   221   188
HE3204  1980   224   444   560   704   634   557   430   688   499   405
HE3204  1990   549   637   815  1045  1002  1896 -9999
HE3206  1889   115
HE3206  1890   159   241   221   107    65    54    62    62   120   244
HE3206  1900   214   102   122   102   121   114   252   252   231   181
HE3206  1910   181   181   252   172   265   255   262   279   349   209
HE3206  1920   209   168   179   214   251   105    93    59    63   459
HE3206  1930   117    65    84   261    90    87    91    73    95    91
HE3206  1940   120   144    90   173   209   251   235   252   244   176
HE3206  1950   126   219   227   310   217   251   217   250   241   316
HE3206  1960   261   353   276   185   175   173   267   322   121   130
HE3206  1970   243   233   232   319   151   264   160    99   277   120
HE3206  1980   238   446   539   665   653   547   482   668   489   427
HE3206  1990   521   645   838  1086   990  1870 -9999
HE3207  1883   159   107   217   114   129    93    75
HE3207  1890   100   135   281   265   263   203   183   138   137   181
HE3207  1900   307   321   284   230   200   210   283   208   222   330
HE3207  1910   355   378   426   382   466   381   339   243   296   347
HE3207  1920   377   272   251   178   147   164   132   116   137   148
HE3207  1930   201   381   296   264   212   307   370   254   381   380
HE3207  1940   380   624   508   471   518   544   425   559   474   469
HE3207  1950   412   668   516   623   687   624   656   626   573   529
HE3207  1960   353   458   489   510   513   493   692   714   531   570
HE3207  1970   819   616   526   442   410   337   337   401   570   560
HE3207  1980   985   958   719   603   868   603   677   868   794   423
HE3207  1990   793  1077  1051  1127   825  1192 -9999
HE4205  1868   122   219
HE4205  1870   219   262   154   126   217    64    90   174   206   147
HE4205  1880   114   107    67    77    44    50    60    64    46    68
HE4205  1890    86    64    58    31    42    55    56    48    25    51
HE4205  1900    85    89    79    52    80    73    84    52    73   148
HE4205  1910   167   144   155    71    90   120    93   131   154   140
HE4205  1920   159   137   140   104   106   138   222   159   169   169
HE4205  1930   106   148   106    74   148   116   127   116   159   201
HE4205  1940   212   254   243   212   286   243   180   279   259   137
HE4205  1950   127   211   286   254   275   265   275   222   296   254
HE4205  1960   212   275   264   190   243   180   254   317   254   275
HE4205  1970   328   317   296   386   427   306   348   211   401   285
HE4205  1980   391   402   413   370   508   444   487   507   454   349
HE4205  1990   486   464   422   391   237   369 -9999
HE4208  1882   180   148   118   120   125   165   154   101
HE4208  1890    76   132   101   119    97   122    92    83    71    83
HE4208  1900   124    89    99   119   103    87   103    71   111   190
HE4208  1910   222   206   214   143   135   182   238   278   352   191
HE4208  1920   307   333   326   304   265   281   367   249   278   294
HE4208  1930   162   317   218   194   142    98   194   117   257   241
HE4208  1940   241   303   258   278   279   310   342   281   359   258
HE4208  1950   242   304   351   391   357   374   426   325   455   351
HE4208  1960   236   319   296   280   197   173   235   243   191   143
HE4208  1970   202   211   222   186   205   245   276   173   308   269
HE4208  1980   261   237   355   261   395   403   531   436   452   404
HE4208  1990   476   492   523   587   437   455 -9999
HE4209  1901    38    74    74    51    92   109    67   126   126
HE4209  1910   158   148   167    96   106   137   159   125   100    82
HE4209  1920   138   155   167    86    85   118   106    91    81    95
HE4209  1930   148   223   150   124   138   116   148    95   127   169
HE4209  1940   138   201   173   228   286   317   296   360   317   218
HE4209  1950   260   416   364   396   261   240   283   178   227   151
HE4209  1960    45   168   201    84    95   124   169   231   158   138
HE4209  1970   177   285   180   116   205   157   136   100   157   158
HE4209  1980   137   168   110    84   122   105   126   126   126   116
HE4209  1990   137   168   100    90   100    84 -9999
HE4210  1890    72    81   156   245   131   135   147   181    89    55
HE4210  1900    84   136   123   256    78   125   197    81   140   145
HE4210  1910   187   146   185   133   124   144   238   278   298   256
HE4210  1920   348   194   263   331   287   202   148   148   162   123
HE4210  1930   102   253   309   177   167   127   230   114   247   355
HE4210  1940   210   286   219   290   504   404   268   251   284   217
HE4210  1950   225   366   403   452   431   371   432   360   461   245
HE4210  1960   214   224   277   268   298   247   287   334   242   208
HE4210  1970   219   313   209   220   179   179   211   179   285   221
HE4210  1980   304   408   551   308   381   391   380   423   412   412
HE4210  1990   464   411   433   464   306   435 -9999
HE4211  1860   123   132   227   296   159   106   101   123   137   174
HE4211  1870   408   290   339   211   175   196   201   222   296   360
HE4211  1880   436   386   392   369   264   254   306   159   138   101
HE4211  1890   185   168   286   296   235   156   127   127    95   106
HE4211  1900   201   180   267   133   138   254   296   265   251   541
HE4211  1910   383   402   457   388   328   358   442   380   415   333
HE4211  1920   526   348   454   454   545   468   558   496   477   465
HE4211  1930   472   542   441   326   336   199   329   181   364   394
HE4211  1940   270   425   412   529   624   540   392   465   465   275
HE4211  1950   295   501   459   436   389   408   508   504   694   746
HE4211  1960   495   464   379   450   532   417   542   520   417   404
HE4211  1970   512   636   578   640   504   399   410   379   484   452
HE4211  1980   536   557   569   463   505   527   537   622   427   325
HE4211  1990   448   448   354   346   212   299 -9999
HE4215  1873   172    59    64    50    46    93   198
HE4215  1880   264   391   206   177    77   134   116   102   149   132
HE4215  1890   155   157   131   212   248   180   215   231   114   119
HE4215  1900   281   146   150   150   148   186   137   123   222   338
HE4215  1910   364   328   286   180   127   159   211   414   464   454
HE4215  1920   476   475   578   491   499   370   561   535   449   328
HE4215  1930   294   379   308   253   305   244   263   326   358   474
HE4215  1940   343   413   532   644   717   534   458   495   421   369
HE4215  1950   411   597   516   493   574   523   670   622   688   659
HE4215  1960   472   493   451   451   432   359   453   510   331   338
HE4215  1970   507   550   581   645   495   558   508   504   558   605
HE4215  1980   714   832   806   657   681   745   771   719   659   391
HE4215  1990   503   517   489   470   383   415 -9999
HE4218  1899   148
HE4218  1900   306   222   264   158   190   211   340   149   284   317
HE4218  1910   370   464   380   243   233   285   243   189   196   175
HE4218  1920   258   248   299   351   341   403   613   586   567   547
HE4218  1930   467   603   532   398   357   283   367   325   536   642
HE4218  1940   549   676   707   580   796   556   441   506   494   273
HE4218  1950   379   432   348   433   348   385   425   367   441   315
HE4218  1960   294   337   380   232   306   243   349   451   168   365
HE4218  1970   594   566   633   645   762   794   783   634   602   477
HE4218  1980   475   487   497   413   444   423   401   348   443   433
HE4218  1990   517   443   401   496   380   439 -9999
HE4304  1933   615   528   485   957   595   845   854
HE4304  1940   746   788  1242  1034  1298  1203  1066  1132  1251   694
HE4304  1950   809  1086   833  1477  1577  1535  1556  1280  1650  1333
HE4304  1960  1057  1185  1037  1249  1026   973   961   855   981   876
HE4304  1970   972  1047  1111  1154  1120   824   962   762  1132   783
HE4304  1980  1153  1449  1375  1153  1238  1058  1111  1068  1153  1048
HE4304  1990  1492  1364  1216  1204   888  1031 -9999
HE4402  1938   395   468
HE4402  1940   281   293   357   232   317   296   212   286   275   190
HE4402  1950   169   274   527   661   607   638   671   514   673   643
HE4402  1960   657   571   588   589   591   412   421   471   415   311
HE4402  1970   737   608   645   776   567   447   557   410   463   453
HE4402  1980   496   738   676   655   550   518   507   486   370   359
HE4402  1990   486   515   533   531   271   345 -9999
HE4404  1894   201   127   243   204   124    89
HE4404  1900   149   146   115    95    91    76   105    95   127   355
HE4404  1910   249   227   207   206   195   153   153   161   179   193
HE4404  1920   208   342   272   192   262   273   254   235   206   260
HE4404  1930   219   313   263   232   264   254   236   135   167   178
HE4404  1940   198   219   241   230   293   284   252   316   368   242
HE4404  1950   211   295   306   317   275   296   307   305   385   377
HE4404  1960   262   378   379   484   357   242   284   326   338   285
HE4404  1970   306   306   359   476   522   369   549   401   592   391
HE4404  1980   423   582   634   509   473   559   580   581   497   444
HE4404  1990   613   666   508   434   275   391 -9999
HF4102  1929   528
HF4102  1930   360   571   434   466   307   397   354   251   473   389
HF4102  1940   400   317   317   412   561   645   675   601   475   260
HF4102  1950   323   387   219   368   348   359   423   307   476   381
HF4102  1960   349   573   418   476   550   487   646   571   550   550
HF4102  1970   571   591   685   569   401   423   667   667   751   540
HF4102  1980   455   623   684   419   409   399   462   517   582   497
HF4102  1990   730   614   514   446   339   675 -9999
HF4106  1908   222   254
HF4106  1910   349   243   370   270   337    90   183    93   159   107
HF4106  1920   172   216   161   126   137   169   180   159   169   190
HF4106  1930   138   317   222   254   243   159   212   127   275   222
HF4106  1940   317   360   370   476   698   656   571   413   487   402
HF4106  1950   359   380   285   390   358   325   345   275   275   243
HF4106  1960   169   254   370   381   489   295   236   269   232   264
HF4106  1970   348   200   253   369   390   421   369   306   422   380
HF4106  1980   433   582   562   433   454   376   324   302   494   359
HF4106  1990   401   340   264   211   190   285 -9999
HF4107  1909   349
HF4107  1910   190   356   384   212   239   132   202   197   234   146
HF4107  1920   156   143   125   107   156   114   176   249   261   303
HF4107  1930   219   326   253   243   222   233   351   152   374   374
HF4107  1940   415   483   474   507   569   442   527   400   422   264
HF4107  1950   327   401   390   549   805   706   577   414   595   496
HF4107  1960   505   626   626   748   499   346   384   349   296   317
HF4107  1970   369   327   276   271    88   109   115   159 -9999
HF4120  1895   176   155   168   114   143
HF4120  1900    94   121   131    71   151   242   193   155   113   172
HF4120  1910   155   126   156   250   106   115   211   179   265   201
HF4120  1920   159   169   306   179   220   198   209   146   156   156
HF4120  1930   258   149   116    94    84   142   126    63    79    84
HF4120  1940    74   158   148   190   201   222   233   284   178   208
HF4120  1950   203   243   192   131   229   230   230   220   303   283
HF4120  1960   242   400   369   423   540   328   380   369   403   469
HF4120  1970   525   363   369   412   487   487   531   273   582   560
HF4120  1980   557   676   467   480   417   111    85   131    79   133
HF4120  1990    73    74    73    72   107 -9999
HF4125  1905   525   831   779   854   740
HF4125  1910   571   359   407   235   190   203   313   275   304   277
HF4125  1920   302   439   349   370   349   339   392   379   509   438
HF4125  1930   347   569   391   338   254   339   560   337   580   475
HF4125  1940   412   550   540   582   624   582   550   360   413   223
HF4125  1950   316   487   519   569   645   434   478   378   582   529
HF4125  1960   339   360   333   261   366   453   528   539   433   465
HF4125  1970   698   666   590   537   391   368   506   580   919   518
HF4125  1980   466   519   550   339   275   339   299   328   341   281
HF4125  1990   459   418   227   238   194   337 -9999
HF4126  1903   149   180   251   257   159   211   180
HF4126  1910   189   191   138    97   136   111   106   112   177   148
HF4126  1920   169   375   311   401   275   243   243   170   285   233
HF4126  1930   210   359   264   222   139   230   456   284   365   387
HF4126  1940   296   423   476   571   487   561   593   466   508   423
HF4126  1950   552   759   568   904   835   561   614   571   992  1080
HF4126  1960   571   698   655   529   487   635   772   730   582   603
HF4126  1970   920   751   614   561   370   264   317   328   486   454
HF4126  1980   603   539   495   277   201   370   306   296   184   196
HF4126  1990   233   148   110   106   133   101 -9999
HF4130  1891   201   149   199   243   292   241   260   211   142
HF4130  1900   341   346   238    38    52    77   114   101   100   158
HF4130  1910   117   132   211   148    83   125   125   261   189   219
HF4130  1920   265   188   205   163   151   109    84   139   229   212
HF4130  1930   148   287   163   158   112   138   233   159   307   317
HF4130  1940   318   379   420   369   422   402   286   228   191   108
HF4130  1950   108   222   233   307   486   528   439   270   529   339
HF4130  1960   222   233   238   228   252   138   129   138   138   201
HF4130  1970   308   242   273   299   296   180   258   193   312   105
HF4130  1980   112   221   159   159   127   205   133   211   328   201
HF4130  1990   254   140   127   179   223   268 -9999
HF4131  1895   232   180   190   116   254
HF4131  1900   580   505   362   162   206   279   258   260   270   226
HF4131  1910   194   254   270   190   181   148   157   144   222   148
HF4131  1920   201   169   190   201   264   295   358   263   379   389
HF4131  1930   274   475   411   390   380   370   540   305   594   497
HF4131  1940   496   570   736   805   858   574   756   560   559   558
HF4131  1950   719  1020   712  1012  1095   980   892   668   983   820
HF4131  1960   640  1052   934   861   746   661   607   773   627   710
HF4131  1970  1043  1137   957  1061   548   380   560   624   751   582
HF4131  1980   614   815   817   409   578   587   586   652   600   661
HF4131  1990   768   895   801   750   476   600 -9999
HF4132  1915   134   172   159   243   190
HF4132  1920   307   345   227   169   200   190   295   207   190   238
HF4132  1930   201   284   232   242   179   168   233   123   345   251
HF4132  1940   248   168   189   219   282   272   305   327   444   328
HF4132  1950   286   465   336   437   429   427   354   198   333   218
HF4132  1960   187   301   366   245   264   278   256   317   172   109
HF4132  1970   205   233   212   215   184   139   121   106   246    88
HF4132  1980   130   188   216   146   136   222   256   348   308   278
HF4132  1990   220   181   143   156   173 -9999
HF4133  1913   212   106   126   169   138   169   127
HF4133  1920   169   211   190    95   148   159   190   138   138   349
HF4133  1930   264   379   394   361   379   326   389   273   579   580
HF4133  1940   538   508   575   665   959   788   846   931  1005   757
HF4133  1950   732   644   583  1022   970   849   868   787  1121   969
HF4133  1960   570   772   814   539   635   497   644   898   666   657
HF4133  1970  1014   899   857   982   696   896   896   896  1112   823
HF4133  1980   740   847   866   654   664   844   764   751   755   680
HF4133  1990   860  1063   918  1185   815  1012 -9999
HF4134  1922   123    98    76    67   112    51    69   120
HF4134  1930   162   241   105   168   263   118    94    62   125   203
HF4134  1940   127   249   258   228   156   251   473   410   590   442
HF4134  1950   348   423   407   245   271   593   619   252   271   501
HF4134  1960   555   504   295   148   158   126   168   294   189   155
HF4134  1970   121   132    97 -9999
HF4135  1932  1000  1257  1114   648  1094   704   942   888
HF4135  1940   734  1121  1402  1173  1362  1286  1126  1068  1008   663
HF4135  1950   866   868   857   941   684   539   630   664   675   466
HF4135  1960   392   603   614   466   508   408   552   675   476   434
HF4135  1970   593   413   497   466   339   423   470   556   519   476
HF4135  1980   444   497   497   381   427   439   508   709   677   571
HF4135  1990   719   825   719   708   581   561 -9999
HG1503  1864   116   127   138   168   142    60
HG1503  1870    70    52    84    77    58    59    55    42    47    53
HG1503  1880   109   106    56    42    59    84    53    84   110   121
HG1503  1890    76    95   135   120    73    64    56    46    51    56
HG1503  1900    93   133   105    70    78    56    77    80   168   126
HG1503  1910   168   147   143   116    63    39    53    70    64   104
HG1503  1920   126   147   179    84   179   158   127   179   158   148
HG1503  1930   180   201   169   137    85   116   116   116   265   132
HG1503  1940   116   132   127   138   148   148   222   264   307   349
HG1503  1950   381   444   370   381   349   312   311   380   391   317
HG1503  1960   254   254   381   307   296   349   381   317   222   212
HG1503  1970   275   275   321   245   312   317   401   316   409   262
HG1503  1980   398   461   387   461   409   430   461   496   433   391
HG1503  1990   560   497   423   370   296   386 -9999
HG1508  1903   390   305   366   284   182   237   260
HG1508  1910   241   162   182   164   124   137   189   156   167   128
HG1508  1920   193   186   127   410   336   264   286   307   359   579
HG1508  1930   474   674   672   347   441   231   231   137   200   220
HG1508  1940   178   178   179   232   295   348   359   508   582   455
HG1508  1950   444   508   461   430   325   432   549   476   687   633
HG1508  1960   591   688   571   482   629   612   707   595   459   364
HG1508  1970   562   385   491   545   452   505   697   285   751   254
HG1508  1980   640   531   526   422   317   391   381   370   444   434
HG1508  1990   614   550   475   352   306   362 -9999
HG3211  1908   788  1127
HG3211  1910  1012   432   506   364   174   148   254   295   380   443
HG3211  1920   359   380   423   307   243   243   201   233   243   349
HG3211  1930   307   296   243   211   221   190   200   184   187   215
HG3211  1940   241   261   231   210   304   390   391   434   413   244
HG3211  1950   285   222   222   254   265   201   233   201   265   222
HG3211  1960   148   243   176   196   155    97   148   127   169   137
HG3211  1970   158   168   273   283   242   243   296   275   338   294
HG3211  1980   321   366   409   294   412   391   360   487   434   359
HG3211  1990   475   444   391   422   264   359    94 -9999
HG3229  1855   166   214   169   186   152
HG3229  1860   190   120   207   212   232   169   222   127   233   137
HG3229  1870    95   106   116   179   237   154   171   169   222   201
HG3229  1880   190   116   127   199    87   127   116   106   159   148
HG3229  1890   127   148   137   169   169   164   101   115   111    60
HG3229  1900   144   140   115    88    47    75    79   116   127   106
HG3229  1910   216   129    71    54    55    49    36    40    54    25
HG3229  1920    25    26    59    68    77   127    83    75    95    85
HG3229  1930   212    95    98    75    84    58    68    90    91    82
HG3229  1940    74    85   109    87    67    94   105    74    81    52
HG3229  1950    59    82    98   104   113   129   106    85   116    95
HG3229  1960   116    95   103    64    74   112   114   109    72 -9999
HG3402  1904   254   209   112    66    85   105
HG3402  1910   100   106   122    33    52    59    58    87   116    74
HG3402  1920    95   105   136   136   114   166   136   130   126   101
HG3402  1930   124   435   291   241   200   116   158    74   232   232
HG3402  1940   296   296   285   285   370   328   296   233   275   212
HG3402  1950   233   328   212   265   265   259   217   138   180   253
HG3402  1960   400   357   336   242   487   518   571   433   275   360
HG3402  1970   381   275   307   212   286   296   286   180   229   154
HG3402  1980   116   137   168   178   157   189   179   105   116   125
HG3402  1990   138   169   190   200   105   207 -9999
HG3404  1902   139   117   115   122   114   100   108    99
HG3404  1910    97    71   102    89    58    73    76    77    92    97
HG3404  1920    76    83   124    93   103   123   174   213   222   170
HG3404  1930   119   262   296   292   277   182   334   160   373   634
HG3404  1940   606   744  1027   806  1691  1184   889  1185  1164   904
HG3404  1950   838   858   651   878   868   667   635   613   782   601
HG3404  1960   528   517   433   380   454   317   475   612   422   359
HG3404  1970   433   433   540   444   466   454   496   454   728   443
HG3404  1980   464   507   570   476   465   508   487   464   559   526
HG3404  1990   742   758   694   609   515   568 -9999
HG4104  1939   360
HG4104  1940   222   254   316   285   417   306   247   232   173    99
HG4104  1950   147   323   312   175   140   187    76    60   106    65
HG4104  1960   118   218   114    62    61    71    90   198   253   232
HG4104  1970   422   402   486   718   453   482   307   229   423   106
HG4104  1980   158   316   539   727   649   546   485   348   380   275
HG4104  1990   381   296   190   190    95   275 -9999
HG4108  1863   172   169   110   129   173   157   160
HG4108  1870   132    92   132   113   134   109    73    59    23    62
HG4108  1880    60    84   113   124    74    71    62    55    98   108
HG4108  1890    89   148   180   190   158   148   189   248   112   108
HG4108  1900   255   251   356   201   229   242   232   179   285   370
HG4108  1910   454   445   385   382   458   410   469   487   584   401
HG4108  1920   656   444   709   720   603   688   783   709   804   824
HG4108  1930   657   603   518   444   388   436   506   370   645   730
HG4108  1940   603   802   760   750  1109   866   750   634   581   434
HG4108  1950   529   624   645   624   624   624   663   652   599   630
HG4108  1960   442   590   642   557   662   453   527   558   446   353
HG4108  1970   625   524   526   652   568   422   453   421   568   495
HG4108  1980   263   316   388   397   326   401   349   275   339   243
HG4108  1990   423   275   275   254   169   288 -9999
HG4111  1912   211   226   222   201   201   127   232   122
HG4111  1920   204   221   208   116   162   122   158   128   121   146
HG4111  1930    94   111    92    81   101    93   102    85   148   162
HG4111  1940   143   190   282   353   718   455   307   252   396   279
HG4111  1950   256   404   355   622   518   381   571   508   538   643
HG4111  1960   529   698   582   489   686   677   677   688   519   434
HG4111  1970   624   307   497   503   418   381   540   370   614   519
HG4111  1980   550   619   598   402   476   444   476   466   561   392
HG4111  1990   444   434   286   228   207   280   127 -9999
HG4201( 1937   225   255   390
HG4201( 1940   268   303   389   464   460   405   430   327   331   238
HG4201( 1950   233   254   180   180   148   274   200   137   126   108
HG4201( 1960    89    96   116    96   102    99   117   116   159   148
HG4201( 1970   212   169   148   138   127   190   201   317   201   159
HG4201( 1980   212   169   182   178   212   254   190   120   176   137
HG4201( 1990   190   148   105 -9999
HG4401  1938   192   140
HG4401  1940   117   137   126   114   140   203   172   232   261   181
HG4401  1950   302   255   244   367   319   308   384   348   480   588
HG4401  1960   458   791   620   468   577   373   382   832   377   522
HG4401  1970  1376   899  1395  1924  1193   964   877   805  1362   843
HG4401  1980   971  1220  1078  1081  1120  1175  1180  2074  1651  1090
HG4401  1990  1961  1828  2196  2053  1723  2136   823 -9999
HG5117  1868   374   240
HG5117  1870   308   307   240   194   159   123   132    75    89    87
HG5117  1880    75    70    74    71    56    62    83    69    80    82
HG5117  1890    63    48    59    69   103    69    81    74    51    44
HG5117  1900    68    74    72    56    72    60    95    76    96   130
HG5117  1910   147   126   137    84   116   125   156   146   187   146
HG5117  1920   198   144   134   103   124   181    64    57    59   100
HG5117  1930    95   179   137   158   137   221   221   147   506   644
HG5117  1940   677   831   886   827  1248   878   624   709   783   518
HG5117  1950   553   690   593   815   857   739   834   707   802   495
HG5117  1960   463   744   796   502   419   504   472   471   475   422
HG5117  1970   819   545   680   714   682   566   598   472   597   398
HG5117  1980   419   545   576   567   515   590   666   513   634   581
HG5117  1990   613   719   508   497   296   444   153 -9999
HG5404  1955    87    70    78    70   101
HG5404  1960   112    61    73    65    62    58    64    86    75    68
HG5404  1970   118   138   145   337   189   294   325   242   495   190
HG5404  1980   264   233   286   369   367   520   568   339   709   402
HG5404  1990   720   709   487   583   274   516 -9999
HH1102  1900   181    91    66   103   107   115   134   159   243   229
HH1102  1910   185   127   201   138   148   127   148   137   147    84
HH1102  1920   147   168   242   237   375   369   390   412   296   273
HH1102  1930   318   439   378   284   295   232   264   148   138    88
HH1102  1940    57    55    95   107   148   212   169   148   222   159
HH1102  1950   211   221   263   325   387   437   467   448   543   532
HH1102  1960   465   919   957   620   683   525   639   766   536   622
HH1102  1970   758   611   752   628   503   585   636   495   818   649
HH1102  1980   882  1000   855   836   741   844   898   845   836   720
HH1102  1990  1122  1132   994  1079   980  1090 -9999
HH1103  1901   263   167   316   179   120   100    92   186   209
HH1103  1910   195   185   206   175   235   191   110    70    67    42
HH1103  1920    95    74    54    44    50    53    85    95    74   171
HH1103  1930    74   112    92    45    38    57   106    63   180   180
HH1103  1940   137   106   106   127   165   176   196   322   427   250
HH1103  1950   210   253   190   169   159   212   211   148   222   192
HH1103  1960   384   481   476   212   275   169   222   307   159   190
HH1103  1970   204   146   190   244   142   157   178   126   137    95
HH1103  1980   190   327   286   254   275   233   180   148   145   213
HH1103  1990   209   178   136   105   221 -9999
HH1105  1837   257   302   359
HH1105  1840   169   285   198   193   138   275   360   401   169   295
HH1105  1850   201   148   253   181   196   122   194   113   133   144
HH1105  1860   113   113   176   240   198   167   188   283   283   304
HH1105  1870   210   241   199   241   305   263   242   358   274   316
HH1105  1880   264   232   232   179    71    47    37    71    74    69
HH1105  1890    73    51    42    48    87    93    96    74    89    77
HH1105  1900    56    42    73    72    66    71    77    82    65   123
HH1105  1910   217   158   153   148   138   138   190   243   169   150
HH1105  1920    54    90    48    37    46    41    49    45    54   128
HH1105  1930   106   169   201   201   233   190   212   180   306   371
HH1105  1940   423   455   444   506   622   610   754   845   746   621
HH1105  1950   673   662   513   513   524   522   533   501   617   512
HH1105  1960   377   525   483   347   367   326   389   432   321   389
HH1105  1970   483   482   409   502   438   386   377   230   292   252
HH1105  1980   273   369   338   252   231   272   262   316   253   317
HH1105  1990   381   391   402   180   138   220 -9999
HH1106  1910   105    75    81    64    64    83   110   110   142    76
HH1106  1920    78    80    72    59    85    76   120   103    54   118
HH1106  1930   106   264   349   222   349   148   190   148   422   422
HH1106  1940   379   379   304   232   254   328   169   280   420   357
HH1106  1950   442   485   355   322   450   349   317   238   311   221
HH1106  1960   179   253   207   227   221   195   237   409   284   442
HH1106  1970   665   432   557   708   624   571   550   444   655   655
HH1106  1980   633   723   621   654   605   603   599   594   413   451
HH1106  1990   536   557   557   464   507   585   166 -9999
HH3101  1910   134   143   264   161    84    73    44    60    77    99
HH3101  1920   137   135   130   145   108    94   136    83   104   180
HH3101  1930   180   380   347   158   167   115   105    73   115   126
HH3101  1940   264   723   720   792   692   586   716   957  1326  2078
HH3101  1950  2603  2737  1690  2316  2051  1520  1328  1075   981   696
HH3101  1960   695   723  1016   964   890  1127  1255  1524   807  1540
HH3101  1970  2524  1851  1892  1487  1139  1054  1097  1098  1552  1503
HH3101  1980  1797  1387  1313  1229  1071  1382  1711  1595  1784  1158
HH3101  1990  1317  1329  1291  1359  1183  1928 -9999
HH3104( 1918   114   161
HH3104( 1920   178   241   240   340   418   417   926   668   710   586
HH3104( 1930   714   463   464   286   235   120   253   142   464   390
HH3104( 1940   402   508   592   761   846   983   804   878   878   720
HH3104( 1950   751  1693   952  1492  1691  1269  1333   992  1513  1671
HH3104( 1960  1004  1131   941   664  1188   649   901   912   697   789
HH3104( 1970  1036  1091  1215  1161   687   569   765   751   843   349
HH3104( 1980   311   269   317   251   280   333   446   663   909   692
HH3104( 1990   764   814   809  1058  1164  1448 -9999
HH3105  1920   503   232   443   921   825   688   792   791   825   730
HH3105  1930   476   507   402   274   160   107   115    83   222   179
HH3105  1940   263   366   521   587   645   941   794   717   642   399
HH3105  1950   313   441   228   443   496   529   476   349   486   581
HH3105  1960   411   474   453   464   612   387   408   442   448   366
HH3105  1970   491   480   345   493   537   442   368   322   489   399
HH3105  1980   387   628   782   742   764   625   783   715   845   629
HH3105  1990   907  1132  1058  1230   951  1323 -9999
HH3106  1900   303   331   295    55   110   168   137    75   146   277
HH3106  1910   253   332   130    80    90    92   116   133   224   156
HH3106  1920   232   281   432   285   158   127   127   106    95   211
HH3106  1930   243   412   344   258   201   169   243   159   374   660
HH3106  1940   661   691   549   540   648   495   476   412   422   414
HH3106  1950   402   463   273   536   547   549   539   539   656   582
HH3106  1960   476   497   620   494   536   442   526   547   463   527
HH3106  1970   708   783   773   811   691   729   919   802   970   866
HH3106  1980   846   857   741   508   675   610   793   921   942   518
HH3106  1990   793   825   624   812   782   889 -9999
HH3107  1906   125   127   184   424
HH3107  1910   328   239   327   262   116    87    68    62    54    60
HH3107  1920    74    77   151   108    98   151   169   159   151   176
HH3107  1930   244   439   488   423   380   328   349   212   275   349
HH3107  1940   275   349   370   508   687   624   592   698   741   613
HH3107  1950   853   863   515   685   887  1055  1235  1161  1574  1289
HH3107  1960   930  1067  1500  1938  1402   815   908   882   947  1295
HH3107  1970  1689  1141  1420  1534  1129   898  1136   712  1228   650
HH3107  1980   869   915   778   673   715   697   796   764   924   777
HH3107  1990   942   972   723   977   790  1053 -9999
HH3108  1916   171   201   189   115
HH3108  1920   130   111   239    87    77   158   263   168   116   190
HH3108  1930   116   201   159   137   159   130    88   104    99   226
HH3108  1940   227   272   403   352   297   243   158   228   214   292
HH3108  1950   142    74    48    86    63    68    49    52    66    58
HH3108  1960    63   113   240   205   117   131   170   175   140   220
HH3108  1970   245   187   176   135   209   146   177   136   178   168
HH3108  1980   136   167   178   158   210   200   262   200   200   169
HH3108  1990   347   278   309   314   350   416 -9999
HH3109  1897   247    88    91
HH3109  1900   303   425   234   230   176   342   345   233   307   453
HH3109  1910   296   263   204   141    55   137   241   220   230   147
HH3109  1920   220   263   358   348   198   115   136   104   282   332
HH3109  1930   382   673   793   443   422   253   348   296   581  1003
HH3109  1940   910  1321  1345  1637  1634  1726  1220  1175   957   908
HH3109  1950   836  1259  1026  1342  1349  1267  1164  1235  1407  1344
HH3109  1960  1121   973   900   857   603   529   888   836   846  1026
HH3109  1970  1630  1322  1492  1851  1164   952  1407  1004  1224   983
HH3109  1980  1134  1110  1036   878   899  1005  1132  1027  1206   930
HH3109  1990  1300  1332  1087  1037  1068  1376 -9999
