HA2401  1812   201   222   190   180   175    85   127    69
HA2401  1820    90    76    81    74    71    71    81    95   144   169
HA2401  1830   243   233   201   201   127   169   203    48   173   233
HA2401  1840   148   138   127   159   106   127   180   148   159   143
HA2401  1850   111   137   169   169   200   211   190   221   169   148
HA2401  1860   148   147   196   194   116   158   168   200   157   178
HA2401  1870   210   126   136   101   114    96    64    52    50    90
HA2401  1880    74    73    59    55    67   105   130   105    95   105
HA2401  1890   179   190   180   158   180   222   233   275   328   264
HA2401  1900   254   328   275   317   286   349   370   389   400   296
HA2401  1910   360   233   317   429   512   550   360   518   592   708
HA2401  1920   539   656   635   921   900   698   921  1090  1153   740
HA2401  1930   663   623   585   671   610   765   753   662   709   593
HA2401  1940   656  1037   645   709   667   677   529   423   529   407
HA2401  1950   562   608   508   582   519   592   548   443   748   536
HA2401  1960   342   467   368   421   683   442   516   791   749   665
HA2401  1970   918   645   613   697   787  1399   873   812   813   813
HA2401  1980   592   592   664   725   620   547   586   760   668   434
HA2401  1990   730   582   730   600 -9999
HA3201  1927   402   360   254
HA3201  1930   286   212   180   148   127   201   222   211   179   158
HA3201  1940   305   306   379   332   339   412   222   168   196   263
HA3201  1950   287   199   219   271   134   133   168   140   253   200
HA3201  1960   211   147   158   180   146   125   141   190   183   155
HA3201  1970   227   110    67    65    37   113    49    81   167    70
HA3201  1980   133   159   153   154   121   102   148   179   167   118
HA3201  1990   133    95   216   195 -9999
HA3207  1908   194   254
HA3207  1910   126   167   175   242   189   200   116   189   211   174
HA3207  1920   146   136   157   273   252   240   344   278   345   249
HA3207  1930   111   197   121    99   133   204   215   338   452   490
HA3207  1940   401   634   461   286   317   392   159   180   286   233
HA3207  1950   339   317   317   508   451   473   316   253   348   327
HA3207  1960   253   328   233   370   413   296   286   444   423   455
HA3207  1970   581   421   357   419   377   640   428   553   512   526
HA3207  1980   514   525   490   400   283   475   367   421   612   285
HA3207  1990   409   382   500 -9999
HA3212  1888    34    99
HA3212  1890   129   129   168   309   131   255   185   332   453   286
HA3212  1900   109   101   143   181   220   150   181   148    69   130
HA3212  1910   129   152   199   217   188   311   177   368   370   381
HA3212  1920   381   497   666   589   582   465   560   485   442   408
HA3212  1930   400   557   526   606   441   737   613   674   900   658
HA3212  1940   605   867   955   873   896   946   547   525   556   451
HA3212  1950   798   714   652   802   729   877   793   528   928   822
HA3212  1960   769   590   453   453   653   674   958  1060   717   951
HA3212  1970  1124   917   822   885   853  1083   954  1022  1205  1121
HA3212  1980   916   835  1150  1037  1004  1087   981  1151  1194  1162
HA3212  1990  1278  1014  1376  1207 -9999
HA3219  1920   119    89    76   101    83    71    84    76    87    63
HA3219  1930    72   128   148   113   114   155    94   129   111   124
HA3219  1940   138   152   232   115   151   200    72    92    89    84
HA3219  1950   158   113   174   145   183   190   139   115   190   151
HA3219  1960   148   139   108   148   233   119   216   370   216   217
HA3219  1970   300   175   116   189   221   253   205   254   294   303
HA3219  1980   206   207   239   175 -9999
HA4411  1930   655   878   655   794   592   730   465   431   491   400
HA4411  1940   384   442   348   350   404   493   343   324   335   281
HA4411  1950   369   495   606   636   457   427   396   308   452   410
HA4411  1960   492   432   306   403   438   341   419   528   472   457
HA4411  1970   669   531   437   491   517   908   840   769   918   835
HA4411  1980   708  1036  1016   825   889   902  1012  1188  1310  1246
HA4411  1990  1143   785   832   938 -9999
HA5402  1886   128   121    71    69
HA5402  1890    81   108   115   107    96   107    95    35    99    60
HA5402  1900    55    60   106   179    85   127   166   186   255   194
HA5402  1910   193   185   298   249   219   304   157   174   123    81
HA5402  1920    95    90   126    84   157   262   377   334   427   417
HA5402  1930   479   490   397   559   464   495   482   469   668   679
HA5402  1940   617   702   588   676   815   762   665   615   644   631
HA5402  1950   536   370   402   402   455   497   391   349   412   496
HA5402  1960   528   464   411   505   526   432   484   620   536   557
HA5402  1970   726   613   423   476   444   878   783   772  1015  1048
HA5402  1980   893   898   906   926   749   793   772   866  1174   707
HA5402  1990   866   654   686   813 -9999
HA6204  1897   231   161   297
HA6204  1900   289   214   227   182   219   297   307   302   361   345
HA6204  1910   543   613   528   592   462   617   481   578   646   485
HA6204  1920   660   528   628   566   595   550   522   514   542   416
HA6204  1930   398   509   425   380   323   385   438   429   435   431
HA6204  1940   392   450   311   366   460   468   357   345   320   299
HA6204  1950   313   281   274   290   267   213   260   269   369   286
HA6204  1960   249   350   288   272   264   169   208   263   258   199
HA6204  1970   239   263   217   310   294   285   287   204   335   163
HA6204  1980   231   169   181   205   238   173   175   219   294   166
HA6204  1990   122   102 -9999
HA6303  1910   328   277   237   270   218   323   290   370   346   426
HA6303  1920   270    60    61    44    63    46    75    99   130    99
HA6303  1930   129   138   118   128   138   130   131   142   130   110
HA6303  1940   150   210   181   181   181   192   131   142   142   123
HA6303  1950   191   145   148   218   149   197   138   139   192   171
HA6303  1960   121   142    71   123   165   105   124   151   103   130
HA6303  1970   131   117   108   126    74   186   179   165   166   159
HA6303  1980   128   145   174   144   143   175   196   196   144   123
HA6303  1990   138   167   201 -9999
HA6401  1841   511   346   474   466   627   443   580   485   375
HA6401  1850   154   352   487   429   147   251   157    85   130    94
HA6401  1860    93    82    73    68   101    73   123   143   276   204
HA6401  1870   173   187   210   155   177   166   216   154   154   144
HA6401  1880   153   146   113    72    57    54    73   171    74   103
HA6401  1890    92   102    82   144   130    66    62   113   154   107
HA6401  1900    84   114   179   168   105   158   129   109    78   121
HA6401  1910    78   117   141   110    96   100    68   105    84    88
HA6401  1920   106    95   116   169   148   180   222   252   251   156
HA6401  1930   104    93   105   102    66   138   122   140   222   547
HA6401  1940   678   781   914   696   740   750   526   579   598   684
HA6401  1950   520   573   407   576   606   675   603   570   625   524
HA6401  1960   344   396   304   345   460   359   579   588   432   432
HA6401  1970   554   672   714   508   467   570   486   581   541   594
HA6401  1980   449   585   522   491   532   421   517   677   771   685
HA6401  1990   654   528   539 -9999
HA6405  1851   279   137   218   123   186   119   225   224   126
HA6405  1860   177   197   116   111   120   107   109   115   111   111
HA6405  1870   102   116    95   109    73    74    69    74    60    72
HA6405  1880    73    68    71    64    65    78   104    92    93    95
HA6405  1890   117   101    92    87   115    89    71    90   153   157
HA6405  1900   176   155   177   181   107   116   147   123   103   108
HA6405  1910   140   129   163   158   232   266   212   242   289   294
HA6405  1920   157   205   205   267   338   264   317   239   226   190
HA6405  1930   243   254   183   209   209   257   269   321   211   211
HA6405  1940   246   218   161   133   130   175   109   162   151   201
HA6405  1950   254   211   190   278   228   296   264   190   243   265
HA6405  1960   303   112   120   124   142   134   121   115   101   106
HA6405  1970   139   158   181   186   215   200    68   245   241   158
HA6405  1980   179   201   186   280   218   213   323   301   170   225
HA6405  1990   228   270   286 -9999
HA6503  1884    70    90    76    65    51    50
HA6503  1890    60    86    39    60    94    82    75    92   137   188
HA6503  1900   121    75   108   126    82    74   109   247   111   116
HA6503  1910   132    70    94   101   107    66   122   114    91    64
HA6503  1920   106   114   223    87   209    99    58    68   121    89
HA6503  1930    64   157   222   206   159   171   127   183   310   547
HA6503  1940   267   349   501   553   496   373   281   560   772   570
HA6503  1950   530   362   404   464   583   780   777   649   819   688
HA6503  1960   723   890   647   729   838   637   573   708   447   592
HA6503  1970   580   363   248   348   289   424   396   296   411   536
HA6503  1980   358   447   332   485   381   413   340   461   281   246
HA6503  1990   222   182   150   123 -9999
HB1311  1921   146   146   255   116   218   270   130   232   233
HB1311  1930   114   324   210   167   155   315   299   328   203   256
HB1311  1940   343   394   325   391   370   391   274   337   442   422
HB1311  1950   538   454   608   433   390   444   316   273   397   293
HB1311  1960   371   490   350   639   614   663   596   780  1395  1237
HB1311  1970  1302   601   513   396   694  1248   368   409   376   311
HB1311  1980   243   275   299   217   200   137   121   181   196    81
HB1311  1990    84   125   133   218 -9999
HB1320  1863   115   455   243   381   179    95    53
HB1320  1870   116   208    85   107    81   129    84    87   122   133
HB1320  1880   179   106   158   200   233   169   180   174   174   215
HB1320  1890   145   169   138   190   222   169    63   127   127   105
HB1320  1900   106   116   116   201   127   127   210   295   274   317
HB1320  1910   239   165   201   201   212   286   264   317   201   254
HB1320  1920   233   169   265   265   307   408   554   666   656   402
HB1320  1930   434   413   328   528   317   343   341   424   466   285
HB1320  1940   408   483   434   476   402   550   349   455   486   306
HB1320  1950   463   337   274   379   473   356   261   153   256   315
HB1320  1960   324   188   156   200   250   232   325   653   358   318
HB1320  1970   419   180   206   352   359   381   302   391   451   357
HB1320  1980   221   307   320   338   290   412   261   468   409   469
HB1320  1990   246   153   297   276 -9999
HB2311  1938   733   925
HB2311  1940  1721  1110   645   845   439   592   628   656   812   781
HB2311  1950   855   683   690   824   663   816   481   498  1007   813
HB2311  1960   839   690   541   644   959   693   721   797   721   804
HB2311  1970  1068   731   580   907   759  1077   598   858  1121  1031
HB2311  1980   736   794  1057  1141  1149   793   530   980  1142   672
HB2311  1990   990   722  1127   973 -9999
HB3307  1917   358   399   367
HB3307  1920   338   688   405   327   292   188   344   250   262   167
HB3307  1930   115   182   128   107   136   178   200   164   249   432
HB3307  1940   349   391   212   180   201   242   145   264   370   404
HB3307  1950   450   325   355   320   183   294   336   230   333   302
HB3307  1960   261   136   189   168   147   221   201   158   138   190
HB3307  1970   233   138   119   140    99   156   125   165   165   185
HB3307  1980   115   125   173   119   162   123    94   159   123    98
HB3307  1990    59   115   111   197 -9999
HB4328  1832   206   201   169   143   223   211   259   359
HB4328  1840   201   169   190   106   115   287   185    58    58    53
HB4328  1850    63    64   101   121    64   148   127    64    79    82
HB4328  1860    81   158   128   127   116   138   137   148   121   165
HB4328  1870   189   179   164   158   201   185   152   186   355   286
HB4328  1880   280   143   142   128   157   212   185    95   285   217
HB4328  1890   199   123   132   196   180   190   127   322   402   265
HB4328  1900   221   360   350   275   283   422   347   421   370   379
HB4328  1910   421   369   264   370   454   443   380   382   412   520
HB4328  1920   419   423   275   317   307   275   317   232   196   162
HB4328  1930   179   201   154   251   228   307   381   391   328   275
HB4328  1940   275   413   571   496   588   577   366   377   355   355
HB4328  1950   302   328   395   476   406   559   646   432   527   671
HB4328  1960   506   320   321   436   473   461   313   438   470   501
HB4328  1970   637   502   440   472   483   471   492   549   423   466
HB4328  1980   381   275   418   417   478   422   286   423   402   370
HB4328  1990   391   232   370   359 -9999
HB4332  1926    82    73    70    73
HB4332  1930    60    70    63    52    71    46    70    64   127   159
HB4332  1940   190   159   138   233   148   159   146   181   190   138
HB4332  1950   159   222   263   284   231   210   250   178   192   132
HB4332  1960    73    77    59    75    99   112   141   156    85    61
HB4332  1970    50    91    71    99    76    79    78   143   133   100
HB4332  1980   206   123   184   123   159   134    71 -9999
HB4420  1899   401
HB4420  1900   358   430   562   569   527   564   682   894   980   790
HB4420  1910   684   758  1042   977   988   862   578   830   788   778
HB4420  1920   641   598   566   691   681   732   859   912   712   746
HB4420  1930   485   466   399   557   363   628   638   751   753   810
HB4420  1940  1026  1312   880   860  1047  1039   758   809  1047   906
HB4420  1950   970  1077   912  1049   839   954   826   714  1014   853
HB4420  1960   497   662   352   507   613   510   655   726   500   598
HB4420  1970   755   569   479   506   555   937   625   847   826   896
HB4420  1980   665   833   940   822   748   506   578   846   742   355
HB4420  1990   555   537 -9999
HB5322  1846    26    43    67    63
HB5322  1850    49    46    59    98    34    54    62    33    39    61
HB5322  1860    62    76    50    58    89    31    74    53    51    42
HB5322  1870    44    72    57    63    28    60    77    63    42    63
HB5322  1880    49    56    38    52    45    44    74    63   104    66
HB5322  1890    60    64    80    65    52    73    84   105   102    61
HB5322  1900    67    62    48    59    53    84   102    64    78    55
HB5322  1910    69    84   137   127   106   116    76   130    80    95
HB5322  1920    85   106   106   145   164    88   194    63   151   130
HB5322  1930    54   169   137   296   454   565   418   438   419   420
HB5322  1940   453   654   592   561   550   508   275   243   614   539
HB5322  1950   804   824   729   920   603   614   634   495   526   494
HB5322  1960   210   504   199   365   505   318   581   732   789   654
HB5322  1970   938  1121  1062   794   995  1143   497   550   434   381
HB5322  1980   299   335   402   370   265   307   265   339   313   147
HB5322  1990   193   220   280   419 -9999
HB5415  1851   128   195   216   113   174   146   167   178   261
HB5415  1860   211   348   274   369   379   388   398   220   402   493
HB5415  1870   262   297   115    74    60    92    93   117    81    82
HB5415  1880   106    73   153   119   314   343   488   293   388   880
HB5415  1890   814   824   423   692   920   338   338   752  1036   483
HB5415  1900   268   432   527   927   315   990   515  1081  1135  1020
HB5415  1910  1282   851  1389  1135   988  1542   647   932   630   743
HB5415  1920   560   715   745   980   815  1083  1500  1039  1318  1313
HB5415  1930   894   989   824   667   832  1159  1527   879  1100  1277
HB5415  1940  2485  1918  1605  1337  1276   670   360  1047  1389   964
HB5415  1950  1006  1158  1051  1671  1385  1102  1962  1991  1836  1257
HB5415  1960   830   843   579   770   926   530   562   858  1115   716
HB5415  1970  1008   827   825   761   707   824   538   812   871   788
HB5415  1980   722   563   816   904   623   402   634  1061  1103   888
HB5415  1990 -9999
HB6108  1901   226   162   170   102   112   164   136   250   210
HB6108  1910   168   243   243   201   254   218   237   262   361   278
HB6108  1920   307   243   311   296   265   317   411   276   322   310
HB6108  1930   204   255   255   162   132    98   195   151   252   171
HB6108  1940   111   171   160   188   306   232   233   233   255   123
HB6108  1950   120   222   194   184   241   241   242   136   140   121
HB6108  1960    82   100    80    95   246   139   114   155    69   109
HB6108  1970   110    66    61    53    63    77    57    77    89    84
HB6108  1980    82    70    78    78    77    75    98   145   121    94
HB6108  1990   111   123   196   222 -9999
HC2507  1906   338   296   274   244
HC2507  1910   221   349   465   423   349   486   325   444   254   307
HC2507  1920   307   233   275   497   201   190   243   138   285   201
HC2507  1930   158   148   127   189   116   232   359   245   258   314
HC2507  1940   241   440   377   335   397   450   273   262   337   410
HC2507  1950   401   359   529   519   358   446   406   334   324   367
HC2507  1960   315   231   200   221   275   360   307   381   349   381
HC2507  1970   454   484   432   527   401   581   444   540   762   803
HC2507  1980   707   683   815   688   667   709   730   865   769   609
HC2507  1990   924   682   820 -9999
HC2514  1927   621   740   644
HC2514  1930   497   646   467   532   406   679   545   566   737   655
HC2514  1940   507   972   813   860  1098   896   521   585   735   536
HC2514  1950   662   666   583   751   408   524   451   423   529   718
HC2514  1960   604   407   377   408   524   546   516   951  1004   973
HC2514  1970  1245   796   682   904  1278  1659   898  1288  1278  1246
HC2514  1980   996   752  1079  1042   852   681   774  1352  1459  1068
HC2514  1990  1201   764  1214 -9999
HC2517  1934   264   381   476   475   611   622
HC2517  1940   692   905   970   644   939   847  1038  1128  1181   843
HC2517  1950  1295  1817  1152  1047   878  1048   847   782   951   910
HC2517  1960   677   709   719   899  1162   891  1069  1507  1275  1100
HC2517  1970  1379   671   620   844  1226  1386   856   951   655   437
HC2517  1980   243   137   212   127   116   128   127   265   211   137
HC2517  1990   106    95   160 -9999
HC3101  1937   455   497   529
HC3101  1940   381   476   423   465   466   520   466   412   802   556
HC3101  1950   655   558   487   380   285   381   487   508   528   413
HC3101  1960   278   491   497   735   997   558   732  1255   994   974
HC3101  1970  1183   741   709   687   730   836   539   761   825   847
HC3101  1980   777   495   588   519   313   448   458   834   866   631
HC3101  1990   438   412   562 -9999
HC3413  1925  1342  1903  1081  1325   919
HC3413  1930   869   983   739   982   865  1046   950   856  1323  1397
HC3413  1940  1482  2063  1742  1268  1776  1863  1466  1624  2067  1818
HC3413  1950  1703  1692  1704  1439  1270  1587  1429   783  1026   940
HC3413  1960   893   832   570   697   750   750   715  1058   856   822
HC3413  1970   919   697   539   740   497   824   692   661   819   842
HC3413  1980   603   612   746   673   769   811   621   769   684   557
HC3413  1990   735   811   867 -9999
HC3504  1906   385   366   274   327
HC3504  1910   148   137   317   338   211   339   212   264   190   181
HC3504  1920   169   181   143   107   112   135   219   136   293   230
HC3504  1930   132   157   138   140   121   168   241   284   358   360
HC3504  1940   455   709   571   434   391   495   319   360   412   475
HC3504  1950   484   463   630   634   412   669   418   450   522   555
HC3504  1960   371   496   321   476   466   426   476   630   444   444
HC3504  1970   516   325   229   301   248   381   277   358   562   721
HC3504  1980   642   520   636   553   522   543   398   526   436 -9999
HC3511  1913   160    86   103    66    79    37    63
HC3511  1920    32    96    93   190   106    95   137    95   190   201
HC3511  1930   106   158   137   180   148   355   343   466   475   527
HC3511  1940   312   552   608   643   707  1068   871   797   713   303
HC3511  1950   534   545   450   523   448   437   260   229   395   470
HC3511  1960   345   439   408   619   767   575   729  1110   847  1007
HC3511  1970  1126   661   706   766  1106  1130   817   655   831   667
HC3511  1980   630   515   725   683   550   549   533  1014   776   439
HC3511  1990   367 -9999
HC4402  1943   602   752   871   760   601   641  1090
HC4402  1950   811   848  1175  1191   881   817  1086  1010   982  1401
HC4402  1960   854  1051  1001   913  1301  2164  1705  1746  1090  1794
HC4402  1970  1309  1326  1341  1508  1405  1635  1277  1817  1634  1674
HC4402  1980  1647  1451  1587  1825  1519  1701  1903  1733  2060  2453
HC4402  1990  1721  1352  2333 -9999
HC4405  1897   190   172   107
HC4405  1900    30    44    53    75    40    92   126   168   274   210
HC4405  1910   147   158   189   273   273   315   221   389   315   441
HC4405  1920   285   230   398   462   420   505   568   379   549   380
HC4405  1930   262   200   232   211   180   317   360   476   529   402
HC4405  1940   444   666   507   508   444   518   384   448   472   421
HC4405  1950   558   632   547   600   464   485   565   386   518   582
HC4405  1960   508   694   481   698   835   592   729  1279  1036  1058
HC4405  1970  1312   900  1086  1024  1046  1322   730   762   825   857
HC4405  1980   783   666   729   772   434   508   455   601   622   464
HC4405  1990   537   373   528 -9999
HD1101  1953   728   619   522   416   339   345   217
HD1101  1960   200   437   427   506   669   591   413  1748   580  2251
HD1101  1970  1554   923   455   599   458   327  1008   477   558   518
HD1101  1980   501   549   616   596   597   746   781  1054  1442  1434
HD1101  1990  2371  2214  2811 -9999
HD2015  1901    45    76    54    40    79    38    42    49    42
HD2015  1910    30    17    44    44    44    39    81    51    60    83
HD2015  1920    58    80    63   127   106   120   123    94   116   135
HD2015  1930   148   137    84    74    95   159   275   193   256   245
HD2015  1940   110   391   412   423   544   651   349   391   497   584
HD2015  1950   420   520   610   456   300   326   212   233   620   495
HD2015  1960   317   380   286   391   419   278   380   509   340   570
HD2015  1970  1035   994   423   582   709   688   963  1106  1402  1394
HD2015  1980  1026  1195   772  1204  1029   850   845   921  1153  1217
HD2015  1990  1270   698  1074 -9999
HD2108  1903   208   141   156   213   128   142   156
HD2108  1910   132   132   180   151   147   199   219   285   264   327
HD2108  1920   262   293   314   336   263   242   317   264   349   336
HD2108  1930   179   399   262   283   189   367   398   493   556   388
HD2108  1940   451   546   641   653   264   750   549   664   580   474
HD2108  1950   454   422   452   589   452   592   423   327   421   442
HD2108  1960   337   337   317   306   347   274   486   465   359   316
HD2108  1970   485   359   359   454   517   570   453   463   611   611
HD2108  1980   453   653   577   616   637   616   587   887   896   748
HD2108  1990   922   940  1132 -9999
HD2110  1932   360   380   169   363   621   508   646   688
HD2110  1940   444  1016   960   597   810   990   481   544   609   463
HD2110  1950   397   335   398   495   274   432   412   349   582   561
HD2110  1960   704   692   528   581   527   464   549   591   455   466
HD2110  1970   878   677   497   814   654   918   527   885  1021  1000
HD2110  1980   716   884   729   792   708   794   624  1026  1089   973
HD2110  1990  1437   890  1304 -9999
HD2111  1889   159
HD2111  1890   179   337   334   339   402   656   529   444   423   444
HD2111  1900   223   282   375   416   209   367   525   401   306   328
HD2111  1910   243   212   201   169   211   285   222   349   275   265
HD2111  1920   159   201   148    90    72   160   195   148   264   200
HD2111  1930   116   168   158   211   137   242   262   271   447   375
HD2111  1940   417   607   651   589   516   590   495   493   458   572
HD2111  1950   380   412   455   635   529   666   402   296   540   540
HD2111  1960   762   508   434   597   475   512   629   940   831   608
HD2111  1970  1040  1022   583   981   802  1193   760   952  1078   949
HD2111  1980   653   780   544   619   646   582   582   719   814   508
HD2111  1990   761   381   614 -9999
HD2301  1920   114   314   323   433   503   418   555   419   408   346
HD2301  1930   221   179   145   215   246   195   370   317   232   156
HD2301  1940   150   137   232   274   253   264   179   148   180   169
HD2301  1950   317   423   476   444   243   431   264   296   381   402
HD2301  1960   392   540   476   518   582   349   677  1195   730   666
HD2301  1970   571   697   772   634   613   804   815   952  1228  1122
HD2301  1980  1333  1185  1058  1099   921  1247  1311  1279  1734  1269
HD2301  1990  1517  1279  1503 -9999
HD2401  1929    69
HD2401  1930    65    61    61    67   106    71    82    70    93    77
HD2401  1940    81    81    71    67    60    81    60   136   107    85
HD2401  1950   148   115    94    50    75   102   115   114   177   156
HD2401  1960   177   250   199   335   468   184   212   321   381   476
HD2401  1970   719   465   560   486   632   918   833   706   980  1025
HD2401  1980   874   888  1005   845   778  1194  1197  1871  2093  1850
HD2401  1990  2145  1579  2520 -9999
HD3102  1904   453   580   633   486   614   646
HD3102  1910   497   389   309   360   298   308   174   290   302   197
HD3102  1920   176   104   135   145    94   156   282   178   272   230
HD3102  1930   209   188   208   344   189   416   731   521   789   647
HD3102  1940   606   884   710   826   828   860   703   681  1047   608
HD3102  1950  1150   974   968  1156  1144  1277  1106  1070  1321  1284
HD3102  1960  1266  1083   992  1059  1111   879   955  1215  1428  1512
HD3102  1970  1853  1314   954  1295  1263  1426   952  1079  1174  1216
HD3102  1980  1027   857   888   920   836   920   847  1132  1323   900
HD3102  1990  1196   888  1042 -9999
HD4108  1897   159   243   323
HD4108  1900   385   327   391   496   275   486   423   275   317   307
HD4108  1910   207   175   153    97   130   359   285   380   380   381
HD4108  1920   286   190   158   111   143   161   147   115   148   164
HD4108  1930   142   165   163   150   142   305   410   484   463   388
HD4108  1940   460   835   886  1002  1023   947   953   769   760   761
HD4108  1950   821   926  1061   979   814  1196   789   550   751   656
HD4108  1960   686   549   717   834   939   794   761   908   642   807
HD4108  1970   739   825   711   797   899  1030   642   931   638   633
HD4108  1980   394   343   399   504   575   630   665   917  1042   864
HD4108  1990  1147   841   940 -9999
HD4110  1891   534   100   113   161   156   103    60   187   156
HD4110  1900   156    95    87    78    57    95   232   253   275   328
HD4110  1910   211   168   221   200   201   425   383   499   462   518
HD4110  1920   296   391   566   494   520   547   611   642   794   603
HD4110  1930   666   740   645   778   404   889  1037   949  1431  1415
HD4110  1940  1511  2038  1586  1765  1561  1517  1263  1672  1315  1288
HD4110  1950  1723  1616  1451  1449  1269  1163  1184   633  1110  1100
HD4110  1960  1032   858  1272  1252  1014   921   794  1087   813   879
HD4110  1970  1165  1236   791   798   817   618   646   757   855   690
HD4110  1980   604   729   521   677   715   690   683   776   724   560
HD4110  1990   851   713   729 -9999
HD4111  1921   497   539   655   800   669   673   798   813   751
HD4111  1930   741   930   801   865   537   844   680   723  1030   920
HD4111  1940  1132  1185  1247  1058  1238   910   952  1193  1165  1217
HD4111  1950  1323  1141  1078  1230  1042  1398  1364   850  1185  1259
HD4111  1960  1154   878   984  1121   942   994   840  1185   644   877
HD4111  1970  1026   666   765   807   962  1121   963   963   900   857
HD4111  1980   687   784   759   741   751   741   847   804   783   740
HD4111  1990   751   667   804 -9999
HD4112  1887   112    87   100
HD4112  1890   240   126   100   136    85    78    77    99   106    85
HD4112  1900   148   138   159    85   127    90   216    62    68    49
HD4112  1910    52    59   100    75    73   117    37   113   107   185
HD4112  1920   156   220   168   199   148   159   118    94    82    49
HD4112  1930    47    42    40    59    72    99   126   136   200   313
HD4112  1940   352   311   322   332   354   417   250   250   243   230
HD4112  1950   190   233   317   338   148   201   137   127   190   137
HD4112  1960   191   107    83    93   125   125   126   158   132   122
HD4112  1970   159   127   116   116   127   158   169   168    91 -9999
HD4115  1945  1650  1430  1424  2085  1601
HD4115  1950  1750  1324  1474  1317  1209  1561  1360   753  1312  1393
HD4115  1960  1287  1087   992  1133  1125   914   916  1310   947   853
HD4115  1970  1276  1099   901  1150  1157  1469  1061  1050  1185   869
HD4115  1980   735   810   938   896   939   886   654  1027   741   392
HD4115  1990   966   841   989 -9999
HD4118  1888   129   115
HD4118  1890   165   175    89    97    88    59    57   100   188   136
HD4118  1900    92    76    86   127    51   136   190   148   114   124
HD4118  1910    59    71    81   100    77    85    34    54    48    59
HD4118  1920    66    85   106   130    68    47    40    54   116    74
HD4118  1930    74   156   114    79    80   130   232   220   251   236
HD4118  1940   171   306   380   434   507   729   508   528   688   465
HD4118  1950   571   381   528   620   485   665   399   531   666   771
HD4118  1960   508   687   423   486   640   479   602   802   617   726
HD4118  1970   716   559   624   712   741   970   689   769   874   742
HD4118  1980   599   758   685   718   974   735   672   888   877   834
HD4118  1990  1211   890  1015 -9999
HD5102  1953   472   357   568   547   789  1194  1274
HD5102  1960  1224  1066   815   936   956   508   975  1547  1284  1446
HD5102  1970  1619  1838  1254  1499  1437  2088  1554  1845  1862  1512
HD5102  1980  1197  1264  1004  1234  1162   795   974  1435  1615  1051
HD5102  1990  1561  1239  1299 -9999
HE3204  1885   158   232   175    78    75
HE3204  1890    55    63    53   105   201   190   117   143   112   109
HE3204  1900   110   180   213   194   131   205   164   229   178   294
HE3204  1910   283   253   359   349   212   187   156   179   183   280
HE3204  1920   109    75    71    69   185   243    80    72    66    76
HE3204  1930   129   112    76    80    53    87    88   112   159   127
HE3204  1940   116   242   228   257   264   248   130   189   186   237
HE3204  1950   289   222   201   265   201   254   286   296   348   356
HE3204  1960   177   175   209   233   269    99   127   239   254   228
HE3204  1970   300   178   266   173   134   221   188   224   444   560
HE3204  1980   704   634   557   430   688   499   405   549   637   815
HE3204  1990  1045  1002  1896 -9999
HE3206  1886   115   159   241   221
HE3206  1890   107    65    54    62    62   120   244   214   102   122
HE3206  1900   102   121   114   252   252   231   181   181   181   252
HE3206  1910   172   265   255   262   279   349   209   209   168   179
HE3206  1920   214   251   105    93    59    63   459   117    65    84
HE3206  1930   261    90    87    91    73    95    91   120   144    90
HE3206  1940   173   209   251   235   252   244   176   126   219   227
HE3206  1950   310   217   251   217   250   241   316   261   353   276
HE3206  1960   185   175   173   267   322   121   130   243   233   232
HE3206  1970   319   151   264   160    99   277   120   238   446   539
HE3206  1980   665   653   547   482   668   489   427   521   645   838
HE3206  1990  1086   990  1870 -9999
HE3207  1880   159   107   217   114   129    93    75   100   135   281
HE3207  1890   265   263   203   183   138   137   181   307   321   284
HE3207  1900   230   200   210   283   208   222   330   355   378   426
HE3207  1910   382   466   381   339   243   296   347   377   272   251
HE3207  1920   178   147   164   132   116   137   148   201   381   296
HE3207  1930   264   212   307   370   254   381   380   380   624   508
HE3207  1940   471   518   544   425   559   474   469   412   668   516
HE3207  1950   623   687   624   656   626   573   529   353   458   489
HE3207  1960   510   513   493   692   714   531   570   819   616   526
HE3207  1970   442   410   337   337   401   570   560   985   958   719
HE3207  1980   603   868   603   677   868   794   423   793  1077  1051
HE3207  1990  1127   825  1192 -9999
HE4205  1865   122   219   219   262   154
HE4205  1870   126   217    64    90   174   206   147   114   107    67
HE4205  1880    77    44    50    60    64    46    68    86    64    58
HE4205  1890    31    42    55    56    48    25    51    85    89    79
HE4205  1900    52    80    73    84    52    73   148   167   144   155
HE4205  1910    71    90   120    93   131   154   140   159   137   140
HE4205  1920   104   106   138   222   159   169   169   106   148   106
HE4205  1930    74   148   116   127   116   159   201   212   254   243
HE4205  1940   212   286   243   180   279   259   137   127   211   286
HE4205  1950   254   275   265   275   222   296   254   212   275   264
HE4205  1960   190   243   180   254   317   254   275   328   317   296
HE4205  1970   386   427   306   348   211   401   285   391   402   413
HE4205  1980   370   508   444   487   507   454   349   486   464   422
HE4205  1990   391   237   369 -9999
HE4208  1879   180
HE4208  1880   148   118   120   125   165   154   101    76   132   101
HE4208  1890   119    97   122    92    83    71    83   124    89    99
HE4208  1900   119   103    87   103    71   111   190   222   206   214
HE4208  1910   143   135   182   238   278   352   191   307   333   326
HE4208  1920   304   265   281   367   249   278   294   162   317   218
HE4208  1930   194   142    98   194   117   257   241   241   303   258
HE4208  1940   278   279   310   342   281   359   258   242   304   351
HE4208  1950   391   357   374   426   325   455   351   236   319   296
HE4208  1960   280   197   173   235   243   191   143   202   211   222
HE4208  1970   186   205   245   276   173   308   269   261   237   355
HE4208  1980   261   395   403   531   436   452   404   476   492   523
HE4208  1990   587   437   455 -9999
HE4209  1898    38    74
HE4209  1900    74    51    92   109    67   126   126   158   148   167
HE4209  1910    96   106   137   159   125   100    82   138   155   167
HE4209  1920    86    85   118   106    91    81    95   148   223   150
HE4209  1930   124   138   116   148    95   127   169   138   201   173
HE4209  1940   228   286   317   296   360   317   218   260   416   364
HE4209  1950   396   261   240   283   178   227   151    45   168   201
HE4209  1960    84    95   124   169   231   158   138   177   285   180
HE4209  1970   116   205   157   136   100   157   158   137   168   110
HE4209  1980    84   122   105   126   126   126   116   137   168   100
HE4209  1990    90   100    84 -9999
HE4210  1887    72    81   156
HE4210  1890   245   131   135   147   181    89    55    84   136   123
HE4210  1900   256    78   125   197    81   140   145   187   146   185
HE4210  1910   133   124   144   238   278   298   256   348   194   263
HE4210  1920   331   287   202   148   148   162   123   102   253   309
HE4210  1930   177   167   127   230   114   247   355   210   286   219
HE4210  1940   290   504   404   268   251   284   217   225   366   403
HE4210  1950   452   431   371   432   360   461   245   214   224   277
HE4210  1960   268   298   247   287   334   242   208   219   313   209
HE4210  1970   220   179   179   211   179   285   221   304   408   551
HE4210  1980   308   381   391   380   423   412   412   464   411   433
HE4210  1990   464   306   435 -9999
HE4211  1857   123   132   227
HE4211  1860   296   159   106   101   123   137   174   408   290   339
HE4211  1870   211   175   196   201   222   296   360   436   386   392
HE4211  1880   369   264   254   306   159   138   101   185   168   286
HE4211  1890   296   235   156   127   127    95   106   201   180   267
HE4211  1900   133   138   254   296   265   251   541   383   402   457
HE4211  1910   388   328   358   442   380   415   333   526   348   454
HE4211  1920   454   545   468   558   496   477   465   472   542   441
HE4211  1930   326   336   199   329   181   364   394   270   425   412
HE4211  1940   529   624   540   392   465   465   275   295   501   459
HE4211  1950   436   389   408   508   504   694   746   495   464   379
HE4211  1960   450   532   417   542   520   417   404   512   636   578
HE4211  1970   640   504   399   410   379   484   452   536   557   569
HE4211  1980   463   505   527   537   622   427   325   448   448   354
HE4211  1990   346   212   299 -9999
HE4215  1870   172    59    64    50    46    93   198   264   391   206
HE4215  1880   177    77   134   116   102   149   132   155   157   131
HE4215  1890   212   248   180   215   231   114   119   281   146   150
HE4215  1900   150   148   186   137   123   222   338   364   328   286
HE4215  1910   180   127   159   211   414   464   454   476   475   578
HE4215  1920   491   499   370   561   535   449   328   294   379   308
HE4215  1930   253   305   244   263   326   358   474   343   413   532
HE4215  1940   644   717   534   458   495   421   369   411   597   516
HE4215  1950   493   574   523   670   622   688   659   472   493   451
HE4215  1960   451   432   359   453   510   331   338   507   550   581
HE4215  1970   645   495   558   508   504   558   605   714   832   806
HE4215  1980   657   681   745   771   719   659   391   503   517   489
HE4215  1990   470   383   415 -9999
HE4218  1896   148   306   222   264
HE4218  1900   158   190   211   340   149   284   317   370   464   380
HE4218  1910   243   233   285   243   189   196   175   258   248   299
HE4218  1920   351   341   403   613   586   567   547   467   603   532
HE4218  1930   398   357   283   367   325   536   642   549   676   707
HE4218  1940   580   796   556   441   506   494   273   379   432   348
HE4218  1950   433   348   385   425   367   441   315   294   337   380
HE4218  1960   232   306   243   349   451   168   365   594   566   633
HE4218  1970   645   762   794   783   634   602   477   475   487   497
HE4218  1980   413   444   423   401   348   443   433   517   443   401
HE4218  1990   496   380   439 -9999
HE4304  1930   615   528   485   957   595   845   854   746   788  1242
HE4304  1940  1034  1298  1203  1066  1132  1251   694   809  1086   833
HE4304  1950  1477  1577  1535  1556  1280  1650  1333  1057  1185  1037
HE4304  1960  1249  1026   973   961   855   981   876   972  1047  1111
HE4304  1970  1154  1120   824   962   762  1132   783  1153  1449  1375
HE4304  1980  1153  1238  1058  1111  1068  1153  1048  1492  1364  1216
HE4304  1990  1204   888  1031 -9999
HE4402  1935   395   468   281   293   357
HE4402  1940   232   317   296   212   286   275   190   169   274   527
HE4402  1950   661   607   638   671   514   673   643   657   571   588
HE4402  1960   589   591   412   421   471   415   311   737   608   645
HE4402  1970   776   567   447   557   410   463   453   496   738   676
HE4402  1980   655   550   518   507   486   370   359   486   515   533
HE4402  1990   531   271   345 -9999
HE4404  1891   201   127   243   204   124    89   149   146   115
HE4404  1900    95    91    76   105    95   127   355   249   227   207
HE4404  1910   206   195   153   153   161   179   193   208   342   272
HE4404  1920   192   262   273   254   235   206   260   219   313   263
HE4404  1930   232   264   254   236   135   167   178   198   219   241
HE4404  1940   230   293   284   252   316   368   242   211   295   306
HE4404  1950   317   275   296   307   305   385   377   262   378   379
HE4404  1960   484   357   242   284   326   338   285   306   306   359
HE4404  1970   476   522   369   549   401   592   391   423   582   634
HE4404  1980   509   473   559   580   581   497   444   613   666   508
HE4404  1990   434   275   391 -9999
HF4102  1926   528   360   571   434
HF4102  1930   466   307   397   354   251   473   389   400   317   317
HF4102  1940   412   561   645   675   601   475   260   323   387   219
HF4102  1950   368   348   359   423   307   476   381   349   573   418
HF4102  1960   476   550   487   646   571   550   550   571   591   685
HF4102  1970   569   401   423   667   667   751   540   455   623   684
HF4102  1980   419   409   399   462   517   582   497   730   614   514
HF4102  1990   446   339   675 -9999
HF4106  1905   222   254   349   243   370
HF4106  1910   270   337    90   183    93   159   107   172   216   161
HF4106  1920   126   137   169   180   159   169   190   138   317   222
HF4106  1930   254   243   159   212   127   275   222   317   360   370
HF4106  1940   476   698   656   571   413   487   402   359   380   285
HF4106  1950   390   358   325   345   275   275   243   169   254   370
HF4106  1960   381   489   295   236   269   232   264   348   200   253
HF4106  1970   369   390   421   369   306   422   380   433   582   562
HF4106  1980   433   454   376   324   302   494   359   401   340   264
HF4106  1990   211   190   285 -9999
HF4107  1906   349   190   356   384
HF4107  1910   212   239   132   202   197   234   146   156   143   125
HF4107  1920   107   156   114   176   249   261   303   219   326   253
HF4107  1930   243   222   233   351   152   374   374   415   483   474
HF4107  1940   507   569   442   527   400   422   264   327   401   390
HF4107  1950   549   805   706   577   414   595   496   505   626   626
HF4107  1960   748   499   346   384   349   296   317   369   327   276
HF4107  1970   271    88   109   115   159 -9999
HF4120  1892   176   155   168   114   143    94   121   131
HF4120  1900    71   151   242   193   155   113   172   155   126   156
HF4120  1910   250   106   115   211   179   265   201   159   169   306
HF4120  1920   179   220   198   209   146   156   156   258   149   116
HF4120  1930    94    84   142   126    63    79    84    74   158   148
HF4120  1940   190   201   222   233   284   178   208   203   243   192
HF4120  1950   131   229   230   230   220   303   283   242   400   369
HF4120  1960   423   540   328   380   369   403   469   525   363   369
HF4120  1970   412   487   487   531   273   582   560   557   676   467
HF4120  1980   480   417   111    85   131    79   133    73    74    73
HF4120  1990    72   107 -9999
HF4125  1902   525   831   779   854   740   571   359   407
HF4125  1910   235   190   203   313   275   304   277   302   439   349
HF4125  1920   370   349   339   392   379   509   438   347   569   391
HF4125  1930   338   254   339   560   337   580   475   412   550   540
HF4125  1940   582   624   582   550   360   413   223   316   487   519
HF4125  1950   569   645   434   478   378   582   529   339   360   333
HF4125  1960   261   366   453   528   539   433   465   698   666   590
HF4125  1970   537   391   368   506   580   919   518   466   519   550
HF4125  1980   339   275   339   299   328   341   281   459   418   227
HF4125  1990   238   194   337 -9999
HF4126  1900   149   180   251   257   159   211   180   189   191   138
HF4126  1910    97   136   111   106   112   177   148   169   375   311
HF4126  1920   401   275   243   243   170   285   233   210   359   264
HF4126  1930   222   139   230   456   284   365   387   296   423   476
HF4126  1940   571   487   561   593   466   508   423   552   759   568
HF4126  1950   904   835   561   614   571   992  1080   571   698   655
HF4126  1960   529   487   635   772   730   582   603   920   751   614
HF4126  1970   561   370   264   317   328   486   454   603   539   495
HF4126  1980   277   201   370   306   296   184   196   233   148   110
HF4126  1990   106   133   101 -9999
HF4130  1888   201   149
HF4130  1890   199   243   292   241   260   211   142   341   346   238
HF4130  1900    38    52    77   114   101   100   158   117   132   211
HF4130  1910   148    83   125   125   261   189   219   265   188   205
HF4130  1920   163   151   109    84   139   229   212   148   287   163
HF4130  1930   158   112   138   233   159   307   317   318   379   420
HF4130  1940   369   422   402   286   228   191   108   108   222   233
HF4130  1950   307   486   528   439   270   529   339   222   233   238
HF4130  1960   228   252   138   129   138   138   201   308   242   273
HF4130  1970   299   296   180   258   193   312   105   112   221   159
HF4130  1980   159   127   205   133   211   328   201   254   140   127
HF4130  1990   179   223   268 -9999
HF4131  1892   232   180   190   116   254   580   505   362
HF4131  1900   162   206   279   258   260   270   226   194   254   270
HF4131  1910   190   181   148   157   144   222   148   201   169   190
HF4131  1920   201   264   295   358   263   379   389   274   475   411
HF4131  1930   390   380   370   540   305   594   497   496   570   736
HF4131  1940   805   858   574   756   560   559   558   719  1020   712
HF4131  1950  1012  1095   980   892   668   983   820   640  1052   934
HF4131  1960   861   746   661   607   773   627   710  1043  1137   957
HF4131  1970  1061   548   380   560   624   751   582   614   815   817
HF4131  1980   409   578   587   586   652   600   661   768   895   801
HF4131  1990   750   476   600 -9999
HF4132  1912   134   172   159   243   190   307   345   227
HF4132  1920   169   200   190   295   207   190   238   201   284   232
HF4132  1930   242   179   168   233   123   345   251   248   168   189
HF4132  1940   219   282   272   305   327   444   328   286   465   336
HF4132  1950   437   429   427   354   198   333   218   187   301   366
HF4132  1960   245   264   278   256   317   172   109   205   233   212
HF4132  1970   215   184   139   121   106   246    88   130   188   216
HF4132  1980   146   136   222   256   348   308   278   220   181   143
HF4132  1990   156   173 -9999
HF4133  1910   212   106   126   169   138   169   127   169   211   190
HF4133  1920    95   148   159   190   138   138   349   264   379   394
HF4133  1930   361   379   326   389   273   579   580   538   508   575
HF4133  1940   665   959   788   846   931  1005   757   732   644   583
HF4133  1950  1022   970   849   868   787  1121   969   570   772   814
HF4133  1960   539   635   497   644   898   666   657  1014   899   857
HF4133  1970   982   696   896   896   896  1112   823   740   847   866
HF4133  1980   654   664   844   764   751   755   680   860  1063   918
HF4133  1990  1185   815  1012 -9999
HF4134  1919   123
HF4134  1920    98    76    67   112    51    69   120   162   241   105
HF4134  1930   168   263   118    94    62   125   203   127   249   258
HF4134  1940   228   156   251   473   410   590   442   348   423   407
HF4134  1950   245   271   593   619   252   271   501   555   504   295
HF4134  1960   148   158   126   168   294   189   155   121   132    97
HF4134  1970 -9999
HF4135  1929  1000
HF4135  1930  1257  1114   648  1094   704   942   888   734  1121  1402
HF4135  1940  1173  1362  1286  1126  1068  1008   663   866   868   857
HF4135  1950   941   684   539   630   664   675   466   392   603   614
HF4135  1960   466   508   408   552   675   476   434   593   413   497
HF4135  1970   466   339   423   470   556   519   476   444   497   497
HF4135  1980   381   427   439   508   709   677   571   719   825   719
HF4135  1990   708   581   561 -9999
HG1503  1861   116   127   138   168   142    60    70    52    84
HG1503  1870    77    58    59    55    42    47    53   109   106    56
HG1503  1880    42    59    84    53    84   110   121    76    95   135
HG1503  1890   120    73    64    56    46    51    56    93   133   105
HG1503  1900    70    78    56    77    80   168   126   168   147   143
HG1503  1910   116    63    39    53    70    64   104   126   147   179
HG1503  1920    84   179   158   127   179   158   148   180   201   169
HG1503  1930   137    85   116   116   116   265   132   116   132   127
HG1503  1940   138   148   148   222   264   307   349   381   444   370
HG1503  1950   381   349   312   311   380   391   317   254   254   381
HG1503  1960   307   296   349   381   317   222   212   275   275   321
HG1503  1970   245   312   317   401   316   409   262   398   461   387
HG1503  1980   461   409   430   461   496   433   391   560   497   423
HG1503  1990   370   296   386 -9999
HG1508  1900   390   305   366   284   182   237   260   241   162   182
HG1508  1910   164   124   137   189   156   167   128   193   186   127
HG1508  1920   410   336   264   286   307   359   579   474   674   672
HG1508  1930   347   441   231   231   137   200   220   178   178   179
HG1508  1940   232   295   348   359   508   582   455   444   508   461
HG1508  1950   430   325   432   549   476   687   633   591   688   571
HG1508  1960   482   629   612   707   595   459   364   562   385   491
HG1508  1970   545   452   505   697   285   751   254   640   531   526
HG1508  1980   422   317   391   381   370   444   434   614   550   475
HG1508  1990   352   306   362 -9999
HG3211  1905   788  1127  1012   432   506
HG3211  1910   364   174   148   254   295   380   443   359   380   423
HG3211  1920   307   243   243   201   233   243   349   307   296   243
HG3211  1930   211   221   190   200   184   187   215   241   261   231
HG3211  1940   210   304   390   391   434   413   244   285   222   222
HG3211  1950   254   265   201   233   201   265   222   148   243   176
HG3211  1960   196   155    97   148   127   169   137   158   168   273
HG3211  1970   283   242   243   296   275   338   294   321   366   409
HG3211  1980   294   412   391   360   487   434   359   475   444   391
HG3211  1990   422   264   359    94 -9999
HG3229  1852   166   214   169   186   152   190   120   207
HG3229  1860   212   232   169   222   127   233   137    95   106   116
HG3229  1870   179   237   154   171   169   222   201   190   116   127
HG3229  1880   199    87   127   116   106   159   148   127   148   137
HG3229  1890   169   169   164   101   115   111    60   144   140   115
HG3229  1900    88    47    75    79   116   127   106   216   129    71
HG3229  1910    54    55    49    36    40    54    25    25    26    59
HG3229  1920    68    77   127    83    75    95    85   212    95    98
HG3229  1930    75    84    58    68    90    91    82    74    85   109
HG3229  1940    87    67    94   105    74    81    52    59    82    98
HG3229  1950   104   113   129   106    85   116    95   116    95   103
HG3229  1960    64    74   112   114   109    72 -9999
HG3402  1901   254   209   112    66    85   105   100   106   122
HG3402  1910    33    52    59    58    87   116    74    95   105   136
HG3402  1920   136   114   166   136   130   126   101   124   435   291
HG3402  1930   241   200   116   158    74   232   232   296   296   285
HG3402  1940   285   370   328   296   233   275   212   233   328   212
HG3402  1950   265   265   259   217   138   180   253   400   357   336
HG3402  1960   242   487   518   571   433   275   360   381   275   307
HG3402  1970   212   286   296   286   180   229   154   116   137   168
HG3402  1980   178   157   189   179   105   116   125   138   169   190
HG3402  1990   200   105   207 -9999
HG3404  1899   139
HG3404  1900   117   115   122   114   100   108    99    97    71   102
HG3404  1910    89    58    73    76    77    92    97    76    83   124
HG3404  1920    93   103   123   174   213   222   170   119   262   296
HG3404  1930   292   277   182   334   160   373   634   606   744  1027
HG3404  1940   806  1691  1184   889  1185  1164   904   838   858   651
HG3404  1950   878   868   667   635   613   782   601   528   517   433
HG3404  1960   380   454   317   475   612   422   359   433   433   540
HG3404  1970   444   466   454   496   454   728   443   464   507   570
HG3404  1980   476   465   508   487   464   559   526   742   758   694
HG3404  1990   609   515   568 -9999
HG4104  1936   360   222   254   316
HG4104  1940   285   417   306   247   232   173    99   147   323   312
HG4104  1950   175   140   187    76    60   106    65   118   218   114
HG4104  1960    62    61    71    90   198   253   232   422   402   486
HG4104  1970   718   453   482   307   229   423   106   158   316   539
HG4104  1980   727   649   546   485   348   380   275   381   296   190
HG4104  1990   190    95   275 -9999
HG4108  1860   172   169   110   129   173   157   160   132    92   132
HG4108  1870   113   134   109    73    59    23    62    60    84   113
HG4108  1880   124    74    71    62    55    98   108    89   148   180
HG4108  1890   190   158   148   189   248   112   108   255   251   356
HG4108  1900   201   229   242   232   179   285   370   454   445   385
HG4108  1910   382   458   410   469   487   584   401   656   444   709
HG4108  1920   720   603   688   783   709   804   824   657   603   518
HG4108  1930   444   388   436   506   370   645   730   603   802   760
HG4108  1940   750  1109   866   750   634   581   434   529   624   645
HG4108  1950   624   624   624   663   652   599   630   442   590   642
HG4108  1960   557   662   453   527   558   446   353   625   524   526
HG4108  1970   652   568   422   453   421   568   495   263   316   388
HG4108  1980   397   326   401   349   275   339   243   423   275   275
HG4108  1990   254   169   288 -9999
HG4111  1909   211
HG4111  1910   226   222   201   201   127   232   122   204   221   208
HG4111  1920   116   162   122   158   128   121   146    94   111    92
HG4111  1930    81   101    93   102    85   148   162   143   190   282
HG4111  1940   353   718   455   307   252   396   279   256   404   355
HG4111  1950   622   518   381   571   508   538   643   529   698   582
HG4111  1960   489   686   677   677   688   519   434   624   307   497
HG4111  1970   503   418   381   540   370   614   519   550   619   598
HG4111  1980   402   476   444   476   466   561   392   444   434   286
HG4111  1990   228   207   280   127 -9999
HG4201  1934   225   255   390   268   303   389
HG4201  1940   464   460   405   430   327   331   238   233   254   180
HG4201  1950   180   148   274   200   137   126   108    89    96   116
HG4201  1960    96   102    99   117   116   159   148   212   169   148
HG4201  1970   138   127   190   201   317   201   159   212   169   182
HG4201  1980   178   212   254   190   120   176   137   190   148   105
HG4201  1990 -9999
HG4401  1935   192   140   117   137   126
HG4401  1940   114   140   203   172   232   261   181   302   255   244
HG4401  1950   367   319   308   384   348   480   588   458   791   620
HG4401  1960   468   577   373   382   832   377   522  1376   899  1395
HG4401  1970  1924  1193   964   877   805  1362   843   971  1220  1078
HG4401  1980  1081  1120  1175  1180  2074  1651  1090  1961  1828  2196
HG4401  1990  2053  1723  2136   823 -9999
HG5117  1865   374   240   308   307   240
HG5117  1870   194   159   123   132    75    89    87    75    70    74
HG5117  1880    71    56    62    83    69    80    82    63    48    59
HG5117  1890    69   103    69    81    74    51    44    68    74    72
HG5117  1900    56    72    60    95    76    96   130   147   126   137
HG5117  1910    84   116   125   156   146   187   146   198   144   134
HG5117  1920   103   124   181    64    57    59   100    95   179   137
HG5117  1930   158   137   221   221   147   506   644   677   831   886
HG5117  1940   827  1248   878   624   709   783   518   553   690   593
HG5117  1950   815   857   739   834   707   802   495   463   744   796
HG5117  1960   502   419   504   472   471   475   422   819   545   680
HG5117  1970   714   682   566   598   472   597   398   419   545   576
HG5117  1980   567   515   590   666   513   634   581   613   719   508
HG5117  1990   497   296   444   153 -9999
HG5404  1952    87    70    78    70   101   112    61    73
HG5404  1960    65    62    58    64    86    75    68   118   138   145
HG5404  1970   337   189   294   325   242   495   190   264   233   286
HG5404  1980   369   367   520   568   339   709   402   720   709   487
HG5404  1990   583   274   516 -9999
HH1102  1897   181    91    66
HH1102  1900   103   107   115   134   159   243   229   185   127   201
HH1102  1910   138   148   127   148   137   147    84   147   168   242
HH1102  1920   237   375   369   390   412   296   273   318   439   378
HH1102  1930   284   295   232   264   148   138    88    57    55    95
HH1102  1940   107   148   212   169   148   222   159   211   221   263
HH1102  1950   325   387   437   467   448   543   532   465   919   957
HH1102  1960   620   683   525   639   766   536   622   758   611   752
HH1102  1970   628   503   585   636   495   818   649   882  1000   855
HH1102  1980   836   741   844   898   845   836   720  1122  1132   994
HH1102  1990  1079   980  1090 -9999
HH1103  1898   263   167
HH1103  1900   316   179   120   100    92   186   209   195   185   206
HH1103  1910   175   235   191   110    70    67    42    95    74    54
HH1103  1920    44    50    53    85    95    74   171    74   112    92
HH1103  1930    45    38    57   106    63   180   180   137   106   106
HH1103  1940   127   165   176   196   322   427   250   210   253   190
HH1103  1950   169   159   212   211   148   222   192   384   481   476
HH1103  1960   212   275   169   222   307   159   190   204   146   190
HH1103  1970   244   142   157   178   126   137    95   190   327   286
HH1103  1980   254   275   233   180   148   145   213   209   178   136
HH1103  1990   105   221 -9999
HH1105  1834   257   302   359   169   285   198
HH1105  1840   193   138   275   360   401   169   295   201   148   253
HH1105  1850   181   196   122   194   113   133   144   113   113   176
HH1105  1860   240   198   167   188   283   283   304   210   241   199
HH1105  1870   241   305   263   242   358   274   316   264   232   232
HH1105  1880   179    71    47    37    71    74    69    73    51    42
HH1105  1890    48    87    93    96    74    89    77    56    42    73
HH1105  1900    72    66    71    77    82    65   123   217   158   153
HH1105  1910   148   138   138   190   243   169   150    54    90    48
HH1105  1920    37    46    41    49    45    54   128   106   169   201
HH1105  1930   201   233   190   212   180   306   371   423   455   444
HH1105  1940   506   622   610   754   845   746   621   673   662   513
HH1105  1950   513   524   522   533   501   617   512   377   525   483
HH1105  1960   347   367   326   389   432   321   389   483   482   409
HH1105  1970   502   438   386   377   230   292   252   273   369   338
HH1105  1980   252   231   272   262   316   253   317   381   391   402
HH1105  1990   180   138   220 -9999
HH1106  1907   105    75    81
HH1106  1910    64    64    83   110   110   142    76    78    80    72
HH1106  1920    59    85    76   120   103    54   118   106   264   349
HH1106  1930   222   349   148   190   148   422   422   379   379   304
HH1106  1940   232   254   328   169   280   420   357   442   485   355
HH1106  1950   322   450   349   317   238   311   221   179   253   207
HH1106  1960   227   221   195   237   409   284   442   665   432   557
HH1106  1970   708   624   571   550   444   655   655   633   723   621
HH1106  1980   654   605   603   599   594   413   451   536   557   557
HH1106  1990   464   507   585   166 -9999
HH3101  1907   134   143   264
HH3101  1910   161    84    73    44    60    77    99   137   135   130
HH3101  1920   145   108    94   136    83   104   180   180   380   347
HH3101  1930   158   167   115   105    73   115   126   264   723   720
HH3101  1940   792   692   586   716   957  1326  2078  2603  2737  1690
HH3101  1950  2316  2051  1520  1328  1075   981   696   695   723  1016
HH3101  1960   964   890  1127  1255  1524   807  1540  2524  1851  1892
HH3101  1970  1487  1139  1054  1097  1098  1552  1503  1797  1387  1313
HH3101  1980  1229  1071  1382  1711  1595  1784  1158  1317  1329  1291
HH3101  1990  1359  1183  1928 -9999
HH3104  1915   114   161   178   241   240
HH3104  1920   340   418   417   926   668   710   586   714   463   464
HH3104  1930   286   235   120   253   142   464   390   402   508   592
HH3104  1940   761   846   983   804   878   878   720   751  1693   952
HH3104  1950  1492  1691  1269  1333   992  1513  1671  1004  1131   941
HH3104  1960   664  1188   649   901   912   697   789  1036  1091  1215
HH3104  1970  1161   687   569   765   751   843   349   311   269   317
HH3104  1980   251   280   333   446   663   909   692   764   814   809
HH3104  1990  1058  1164  1448 -9999
HH3105  1917   503   232   443
HH3105  1920   921   825   688   792   791   825   730   476   507   402
HH3105  1930   274   160   107   115    83   222   179   263   366   521
HH3105  1940   587   645   941   794   717   642   399   313   441   228
HH3105  1950   443   496   529   476   349   486   581   411   474   453
HH3105  1960   464   612   387   408   442   448   366   491   480   345
HH3105  1970   493   537   442   368   322   489   399   387   628   782
HH3105  1980   742   764   625   783   715   845   629   907  1132  1058
HH3105  1990  1230   951  1323 -9999
HH3106  1897   303   331   295
HH3106  1900    55   110   168   137    75   146   277   253   332   130
HH3106  1910    80    90    92   116   133   224   156   232   281   432
HH3106  1920   285   158   127   127   106    95   211   243   412   344
HH3106  1930   258   201   169   243   159   374   660   661   691   549
HH3106  1940   540   648   495   476   412   422   414   402   463   273
HH3106  1950   536   547   549   539   539   656   582   476   497   620
HH3106  1960   494   536   442   526   547   463   527   708   783   773
HH3106  1970   811   691   729   919   802   970   866   846   857   741
HH3106  1980   508   675   610   793   921   942   518   793   825   624
HH3106  1990   812   782   889 -9999
HH3107  1903   125   127   184   424   328   239   327
HH3107  1910   262   116    87    68    62    54    60    74    77   151
HH3107  1920   108    98   151   169   159   151   176   244   439   488
HH3107  1930   423   380   328   349   212   275   349   275   349   370
HH3107  1940   508   687   624   592   698   741   613   853   863   515
HH3107  1950   685   887  1055  1235  1161  1574  1289   930  1067  1500
HH3107  1960  1938  1402   815   908   882   947  1295  1689  1141  1420
HH3107  1970  1534  1129   898  1136   712  1228   650   869   915   778
HH3107  1980   673   715   697   796   764   924   777   942   972   723
HH3107  1990   977   790  1053 -9999
HH3108  1913   171   201   189   115   130   111   239
HH3108  1920    87    77   158   263   168   116   190   116   201   159
HH3108  1930   137   159   130    88   104    99   226   227   272   403
HH3108  1940   352   297   243   158   228   214   292   142    74    48
HH3108  1950    86    63    68    49    52    66    58    63   113   240
HH3108  1960   205   117   131   170   175   140   220   245   187   176
HH3108  1970   135   209   146   177   136   178   168   136   167   178
HH3108  1980   158   210   200   262   200   200   169   347   278   309
HH3108  1990   314   350   416 -9999
HH3109  1894   247    88    91   303   425   234
HH3109  1900   230   176   342   345   233   307   453   296   263   204
HH3109  1910   141    55   137   241   220   230   147   220   263   358
HH3109  1920   348   198   115   136   104   282   332   382   673   793
HH3109  1930   443   422   253   348   296   581  1003   910  1321  1345
HH3109  1940  1637  1634  1726  1220  1175   957   908   836  1259  1026
HH3109  1950  1342  1349  1267  1164  1235  1407  1344  1121   973   900
HH3109  1960   857   603   529   888   836   846  1026  1630  1322  1492
HH3109  1970  1851  1164   952  1407  1004  1224   983  1134  1110  1036
HH3109  1980   878   899  1005  1132  1027  1206   930  1300  1332  1087
HH3109  1990  1037  1068  1376 -9999
