HA3401  1952   359   212   307   233   180   176   194   436
HA3401  1960   297   250   272   232   232   253   362   565   443   633
HA3401  1970   824   974  1122   635   532   760   560  1129   708  1119
HA3401  1980   612   756   902   690   855  1233  1103  1414   970  1440
HA3401  1990  1584  1116  1250   816  1340  1534 -9999
HA6501  1942    85   191   444   359   359   300   225   232
HA6501  1950   249   292   230   291   413   304   273   225   279   339
HA6501  1960   479   346   364   408   313   325   186   436   284   460
HA6501  1970   501  1030   791   542   507   677   396   743   336   713
HA6501  1980   754  1263  1221   835   889   816   690   763   850   867
HA6501  1990   884   865   737   756  1252  1355 -9999
HB6201  1928   339   169
HB6201  1930   169   109   145   129   131   170   133   241   295   272
HB6201  1940   210   273   274   483   343   317   466   423   466   444
HB6201  1950   568   421   446   778   910   804   550   719   487   529
HB6201  1960   839   423   889   804   677   698   379   616   783  1312
HB6201  1970   740  1015   909   866   714   805   591   991   842  1029
HB6201  1980  1218  1050  1176   924  1155  1127   974   973   824   947
HB6201  1990  1016   910   973   761  1016   292 -9999
HC3102  1950   200   118   169   209   251   272   188   250   228   336
HC3102  1960   367   226   350   330   227   268   426   502   304   532
HC3102  1970   498   652   590   337   528   550   508   698   634   907
HC3102  1980   653   589   631   527   614   741   508   635   338   718
HC3102  1990   781   821   885   485  1203 -9999
HC3103  1945   295   293   314   249   289
HC3103  1950   329   329   327   283   405   350   417   460   692   704
HC3103  1960   593   487   541   612   334   460   772   751   605   753
HC3103  1970   546   671   755   566   484   697   676   867   804  1014
HC3103  1980  1219  1189  1058  1099  1310  1247  1098   993   928  1154
HC3103  1990  1148  1629  1601  1305  1703   297 -9999
HC4102  1944   741   741   847   762   577   801
HC4102  1950  1046   825   889  1223  1180   926   767  1038   991  1014
HC4102  1960  1376   825  1101   995   910  1312   952  1227  1693  1757
HC4102  1970  1101  1757  1311  1352  1330  1544  1375  1629  1330  1793
HC4102  1980  1625  1668  1686  1458  1617  1807  1533  1701  1971  1786
HC4102  1990  2000  2442  1683  1411  2437   197 -9999
HC5101  1942   360   169   178   223   274   181   220   317
HC5101  1950   333   296   210   465   345   253   143   169   190   275
HC5101  1960   317   210   167   376   209   314   440   209   209   485
HC5101  1970   527   612   908   591   549   633   570   952   614   888
HC5101  1980   931  1016  1016   741   952   910   741   761   633   865
HC5101  1990   886   930   874   721  1066 -9999
HC6501  1944   367   199   238   237   240   340
HC6501  1950   400   200   391   504   512   528   383   645   550   466
HC6501  1960   698   444   675   696   464   485   464   739   359   571
HC6501  1970   613   956   840   466   820   433   292   641   453  1495
HC6501  1980   926   800  1066   519   869  1197   867  1040  1162  1312
HC6501  1990  1291  1306  1206   928  1750   151 -9999
HC6502  1930   183   131   115   114   144    61   109    96    67    86
HC6502  1940   126   175   225   320   240   260   219   238   195   271
HC6502  1950   690   376   455   883   929   856   435   550  1861  1290
HC6502  1960   463   966  1041   751  1029  1099  1268  1018   825  1037
HC6502  1970  1185  1778  1545  1100   952  1091   644  1143   817  1764
HC6502  1980  1566  1768  1454  1182  1099  1286   846   973   825  1395
HC6502  1990  1630  1672  1947  1290  2114 -9999
HD1501  1951   223   295   264   296   233   233   275   360   402
HD1501  1960   485   422   503   492   476   536   497   522   440   707
HD1501  1970   990  1179  1233   913   666  1253   728  1373   549   844
HD1501  1980  1245  1182  1375   898  1448  1037  1158  1246  1057  1734
HD1501  1990  1713  1882  1714  1185  1471   254 -9999
HD1502  1954   444   336   358   421   421   442
HD1502  1960   675   419   505   584   585   781   576   415   166   146
HD1502  1970   292   522   586   397   544   608   462   881   398   545
HD1502  1980   838   818  1121  1203  1016  1015  1015   677   614   783
HD1502  1990   825  1037   910   893  1138   332 -9999
HD2201  1933    60   109   146   167   153   133   119
HD2201  1940   147   105   168   168   147   168   168   147   169   157
HD2201  1950   188   142   211   264   381   336   294   442   525   485
HD2201  1960   560   369   444   422   380   422   592   527   358   907
HD2201  1970   615   692   804   655   655   591   570   929   802  1031
HD2201  1980  1133   938  1018  1084  1171  1154  1052  1366   944  1536
HD2201  1990  1714  2010  1885  1228  2212   167 -9999
HD6101  1946   222   264   246   475
HD6101  1950   547   527   655   701   591   375   352   563   624   790
HD6101  1960   812   710   648   649   334   537   632   878   440   904
HD6101  1970   506   613   548   235   110   226   215   501   251   506
HD6101  1980   677   534   569   209   228   123    71   190   148   317
HD6101  1990   486   612   799   217   332 -9999
HE1301B 1944  1163   888  1016  1878  1690  1903
HE1301B 1950  2075  1494  2074  2307  2752  1753  1352  1630  1397  1349
HE1301B 1960  1478  1333  1672  1503  1269  1578  1391  1419  1539  2200
HE1301B 1970  1226  1058  1101   994   803   946   835  1238   761   867
HE1301B 1980  1036  1100   931   719   886   863   656   698   740   593
HE1301B 1990   910  1205  1376   958  1352   222 -9999
HE1401  1947  2135  1688  1366
HE1401  1950  1789  1246  1742  2185  2114  1598  1849  1658  1508   832
HE1401  1960   952  1371  1755  1681  1330  1474  1748  1246  1163  2296
HE1401  1970  1649  1787  1666  1872  1778  1735  1482  1671  1751  1749
HE1401  1980  1907  1981  1793  1439  2036  2428  1684  1700  1689  1728
HE1401  1990  1936  1522  1105   742  1373 -9999
HE2401  1952   648   478   334   251   421   377   527   968
HE2401  1960   294   461   632   401   465   507   358   224   611   599
HE2401  1970   608   565   585   499   451   506   337   730   614   847
HE2401  1980   804   571   698   656   719  1223   821   738   724   967
HE2401  1990  1025   979  1122   832  1038   293 -9999
HF1201  1941  1217   863  1352  1034   853   630   694   589   704
HF1201  1950  1233   781  1160  1377  1010   924   990   949   717   569
HF1201  1960   886   628  1032  1077   644   384   617   413   686  1556
HF1201  1970   994   884   726   605   462   504   483   576   812   825
HF1201  1980   944   652   399   462   882   756   525   609   714   610
HF1201  1990   696   633   611   395   765    72 -9999
HF5101  1955   148   261   395   296   656
HF5101  1960   656   359   486   381   233   565   696   401   338   842
HF5101  1970   652   860   544   417   499   584   500   833   605   689
HF5101  1980   566   462   632   760   699   782   655   465   317   423
HF5101  1990   569   594   615   563  1113   238 -9999
HG1101  1903   318   264   180   328   381   296   179
HG1101  1910   761   655   731   380   582   501   671   840   549   592
HG1101  1920   401   465   527   358   400   485   528   825   719   824
HG1101  1930   991   926   929   803  1246  1119   970   885   968   797
HG1101  1940  1082  1012   893  1521  1310   993   972  1194  1234  1610
HG1101  1950  2082  1955  2294  1705  1832  1633  1924  1778  1691  1096
HG1101  1960  1160  1278  1503  1555  1544  2007  1912  1465  1715  3209
HG1101  1970  2278  2042  2418  1621  1224  1291  1418  2052  1650  1862
HG1101  1980  1861  1902  1820  1375   935  1569  1055  1458  1163  1628
HG1101  1990  1416  1246   782   633   699 -9999
HG1101S 1923   741   889   911   507   413   529   741
HG1101S 1930   950   926   802   782   926   851   931   938   794   612
HG1101S 1940   614   698   698   858   813   868  1100  1333  1353  1518
HG1101S 1950  1855  1295  1731  1643  2135  1607  1520  1629  1329  1416
HG1101S 1960  1426  1259  1397  1354  1141  1245  1326  1159  1730  2306
HG1101S 1970  1501  1416  1797  1289  1289  1078  1132  1318  1312  1206
HG1101S 1980  1375  1375  1079   973  1375  1183  1118  1348  1538  1433
HG1101S 1990  1369  1219   883   734   943   207 -9999
HG1102  1906   338   360   358   476
HG1102  1910   497   381   402  1058  1163  1290  1451   792   697   292
HG1102  1920   634   825   720   571   698   613   612   591   338   359
HG1102  1930   507   443   499   324   275   190   169   148   148   148
HG1102  1940   254   275   233   360   465   442   505   568   570   507
HG1102  1950   549   486   465   359   317   275   317   296   275   296
HG1102  1960   317   338   296   317   466   466   486   721   612   698
HG1102  1970   465   465   423   402   275   486   548   548   464   548
HG1102  1980   570   423   412   328   275   381   317   465   381   591
HG1102  1990   591   444   402   273   457 -9999
HG1103  1854   444   296   190   360   704   416
HG1103  1860   190   126   379   595   374   249   272   316   423   296
HG1103  1870   380   275   360   339   233   254   166   108   107   106
HG1103  1880   190   190   190   148   190   152   118    91    95   133
HG1103  1890   130   211   169   211   211   253   211   127   211   380
HG1103  1900   264   169   166   160   158   131   154   189   210   232
HG1103  1910   211   296   190   148   154   130   107    91    96   123
HG1103  1920   144   190   209   319   317   423   550   571   487   550
HG1103  1930   550   423   591   314   461   463   444   381   360   444
HG1103  1940   571   655   526   886   783   614   614   656   593   614
HG1103  1950   718   612   738   547   637   547   740   781   653   568
HG1103  1960   590   741   656   783   593   593   677   339   635  1090
HG1103  1970   773   720  1016   677   593   614   593   656   593   698
HG1103  1980   741   634   592   528   507   508   550   592   845   906
HG1103  1990   927   843   695   631   806   193 -9999
HG1103S 1910   847   416   535   335   121   107   156   296   296   127
HG1103S 1920   278   250   336   671   740   761   739   611   443   485
HG1103S 1930   591   675   820   788   974   804   656   571   698   529
HG1103S 1940   508   635   592   973   741   695   782  1017   952   804
HG1103S 1950  1111  1002  1016   840  1259  1164  1100   995   783   910
HG1103S 1960  1037   995   973   720   634   656   825   762   931  1142
HG1103S 1970   725   693   931   741   656   656   825   952   862   692
HG1103S 1980  1142  1290   888   824  1121   952  1078  1121  1291  1143
HG1103S 1990  1016  1016  1079   825   825   304 -9999
HG1104  1931   337   422   295   295   232   148   232   211   253
HG1104  1940   275   296   295   468   480   421   485   401   422   359
HG1104  1950   296   360   359   482   916   562   362   427   251   212
HG1104  1960   414   180   141   148   169   169   253   192   111   138
HG1104  1970   101    62 -9999
HG1105  1908    78   114
HG1105  1910   146   182   108   258   179   119   124   295   190   190
HG1105  1920   317   402   254   275   306   261   270   732   400   422
HG1105  1930   635   529   466   275   275   460   259   296   508   360
HG1105  1940   466   550   507   485   738   653   448   526   459   272
HG1105  1950   441   323   733  1164  1012   696   569   359   289    96
HG1105  1960    89   135    89   331   444   533   613   317   339   438
HG1105  1970   408   296   233   212   212   296   360   571   592   655
HG1105  1980   507   465   423   354   522   543   739   466   402   423
HG1105  1990   402   264   269   127   176 -9999
HG1401  1930   676   508   317   339   275   338   254   465   781   397
HG1401  1940   657   647   500   648   672   632  1076   951   698   719
HG1401  1950   807   574   801   597   850   670   777   860   754   802
HG1401  1960   994   769   638   896   696   907   723   692   570  1499
HG1401  1970  1185  1417  1154   919   824   889   804  1228   783   973
HG1401  1980   973   804   910   825  1037   783   804   948   796  1217
HG1401  1990  1228  1817  1336   628  1072   204 -9999
