G1_473  1990     4   895  1988  1700  1231  1353   856   522   822   397
G1_473  2000   222   381  1048  1583  2346  3255  3873  3427  3167  3381
G1_473  2010  3630  2171 -9999
G1_474  1985  1606  3206  4566  5207  3589
G1_474  1990  3768  3224  2095  2174  2126  2762  2142  1381   992   983
G1_474  2000   908   762   848   984   852   615   702   467   135 -9999
I2_427  1982    91   261   204   170   461   450   455   366
I2_427  1990   611  1076   801   816   975   786   541   547   825   487
I2_427  2000   655   804   543   994   854  1120  1498  1267  1141   867
I2_427  2010   923  1069 -9999
I2_430  1941   445  1649  1657  1214   620   653   503   473   515
I2_430  1950   169   190   135    86    92    69   103   209   291   712
I2_430  1960   599   572   484   500   380   344   357   356   292   290
I2_430  1970   168   157   108   247   205   344   305   245   305   283
I2_430  1980   513   286   102   162   301   301   317   414   506   509
I2_430  1990   529   846   783   926  1376   928  1814  2139  2779  2347
I2_430  2000  2210  2075   835  1545   989   651   774   756   903   719
I2_430  2010   720   451 -9999
A1_105  1957    12   269   665
A1_105  1960   492   679   917   969  1046   789   867   678   872   871
A1_105  1970   235   192   629   685   583   703  1232   951  1136  1217
A1_105  1980   852   341   115   174   199   470   656  1211  1032   958
A1_105  1990   730   958   729   833   695   570   506   891  1016   800
A1_105  2000  1057   814   604   698   698   740   740   762   698   994
A1_105  2010   782   589 -9999
A1_114  1972   549   950  1331  1553  2159  2383  1852  1907
A1_114  1980  1702  1693   464  1112  1621  1091  1492  2115  2064  2195
A1_114  1990  2299  2265  2241  2485  2041  1840  1920  1966  1818  2029
A1_114  2000  2847  2210  1471  1956  2264  2667  2645  2344  2528  3472
A1_114  2010  3627  2240 -9999
A1_115  1959   487
A1_115  1960  2286  1707   577   630   588  1156  1620  1238  1374  1838
A1_115  1970   402   106   190   486   549   485  1185   720  1542  1708
A1_115  1980  1268   698   465   381   569   927  1201  2066  2242  2450
A1_115  1990  2729  2222  1693  1764  1930  1631  1569  2320  3837  2602
A1_115  2000  4057  2573  1615  2024  1992  1694  1761  2012  2293  2735
A1_115  2010  2980  1607 -9999
A1_116  1952   177   238   383   601   787   863   858   746
A1_116  1960   611   430   634   521   387   390   530   470   226   703
A1_116  1970    68   136   217   316   315   532  1213  1233   798   855
A1_116  1980   987   439   225   234   334   313   436   731   862  1206
A1_116  1990  1249  1395  1335  1417  1396   872   930   619   853  1018
A1_116  2000  1734  1300   941  1128  1334  1246  1376  1577  1855  2147
A1_116  2010  2192  1652 -9999
A2_475  1977   782   846  1524
A2_475  1980  1060  2105  1792  1915  1195  1608  1693  2518  2535  2737
A2_475  1990  2523  3071  2726  1834  2504  2176  2453  2448  2751  3034
A2_475  2000  2841  2954  2153  3380  2611  2384  2431  2947  2759  3055
A2_475  2010  3111  1804 -9999
A2_476  1985   199   690  1127  1139  1027
A2_476  1990  1553  2040  2413  2535  2242  1584  1494  1376  1648  1437
A2_476  2000  1731  1655  1376  2092  2375  3214  4012  3552  3020  3370
A2_476  2010  2455  1706 -9999
A2_482  1972    31  1923   614  2251  1256  1878  2410  1507
A2_482  1980  1994   861   507   726  1269   965   648  1008  1411  1530
A2_482  1990  1458  1263  1015  1077   908   980   987  1065  1320  1548
A2_482  2000  1902  1497  1125   887   864  1009  1206  1533  1335  1149
A2_482  2010   807   302 -9999
B2_152  1974   740  1047  1662  2219  2593  2152
B2_152  1980  2873  1436   772   542  1368  1290  1578  2188  2832  2853
B2_152  1990  3462  3315  3195  3034  3483  2598  3019  3446  4334  2810
B2_152  2000  3385  3169  1397  1804  2603  2644  3406  3640  2694  2812
B2_152  2010  2031  1531 -9999
E1_439  1976    21  2338  3106  1135
E1_439  1980   361   881   782   522  1317  1157   712  1038  2164  2188
E1_439  1990   970  1106   783  1185  2742  1584  1286  2057  2359  1386
E1_439  2000  1291  2940  1820  1343  1199  1242  2495  1411   520  1297
E1_439  2010  1019   220 -9999
A1_131  1991     5   666  1135   988   991   937   778  1644  1468
A1_131  2000  1271   815   514   962   708  1316  1426  1406  1525  1637
A1_131  2010  1751   879 -9999
A1_132  1991   159   846   732   688   836   581   423   865   703
A1_132  2000  1108  1182   549   846   593  1397  1895  1518  1886  2298
A1_132  2010  2092  1307 -9999
B1_033  1954   529  1561  1010  1287   695   656
B1_033  1960   296   212   571   635   761   790   603   402   816   747
B1_033  1970   487   635   360   698   466   676   590   847   889   940
B1_033  1980   948   550   370   243   422   168   291   377   442   380
B1_033  1990   296   275   381   423   485   359   211   253   252   252
B1_033  2000   293   458   328   101   134   140   203   179   258   328
B1_033  2010   209   114 -9999
B3_093  1990   362  1548   337   287   898   701   309   432  1518   739
B3_093  2000  1001  2924  1278  1381  1130  2683  3402  3486  3019  3100
B3_093  2010  3443  1716 -9999
B3_094  1985    25  1036   493  1253  1840
B3_094  1990  2569  2195   416   534  1039   725   403   725  1471   962
B3_094  2000  1228  1867  1494   565   251  1245  2348  2661  2302  2452
B3_094  2010  1694   715 -9999
C1_098  1998   377   124
C1_098  2000   651   773   539  1026  1871  2172  3511  1895  3060  2913
C1_098  2010  3281  1147 -9999
D1_469  1967   268   570   340
D1_469  1970   628   380   358   557   194   616   740   641   760   719
D1_469  1980   944   616   296   783   614   614   571  1122  1164   783
D1_469  1990  1438  1768   963   686   571   443   777   817   791   749
D1_469  2000   876   951   549   783   746  1178  2078  2014  2304  2583
D1_469  2010  2199  1459 -9999
E1_440  1987   291   561   423
E1_440  1990   660  1032   814   748  1108  1313  1301  1630  1463  1271
E1_440  2000  1245  1058   739   688   698   721   830   711   605  1064
E1_440  2010   743   367 -9999
E3_042  1970    47   465   336   291   181   227   323   378   321   205
E3_042  1980   205   210   160   131   107    82    84   111   126   252
E3_042  1990   204   126   229   313   156   253   315   335   255   419
E3_042  2000   388   594   449   410   673   931  1484  1549  2640  2516
E3_042  2010  2874  1436 -9999
A3_647  1985   126   376   342   287   408
A3_647  1990   348   369   571   548   557   863  1109   360   242   159
A3_647  2000   327   619   580   316   169   508   465   401   127    63
A3_647  2010   169   211 -9999
