G2_436  1993   568   842  1284  1115  1211   795   633
G2_436  2000   655   421   568   945   684   661   836   971   683   537
G2_436  2010   485   110 -9999
G2_437  1982  1407   538   939   159   490   417   773   820
G2_437  1990   530   551   359   443   222   463   345   693   688   746
G2_437  2000   433   573   459  1010   611   564   633   965  1077  1119
G2_437  2010   747   400 -9999
H1_444  1961   103   172   254   185   138   336   237   189   176
H1_444  1970   405   222   263   381   259   379   349   359   555   365
H1_444  1980   508   370   237   406   495   381   474   506   632   877
H1_444  1990   579   419   297   196   211   228   326   422   360   323
H1_444  2000   496   347   426   539   212   397   563   723   682   806
H1_444  2010   806   930 -9999
H1_458  1958   254   359
H1_458  1960   233   423   800   837   207   660   305   466   487   338
H1_458  1970   655   337   463   528  1311  1478   781  1280  1335  1247
H1_458  1980  1248  1015   962  1084  1220   698   614   951   632   728
H1_458  1990   663   560   698   677  1051   802  1142   946  1110  1236
H1_458  2000   963   628   657  1097   824   926  1086   835   884   950
H1_458  2010   640   422 -9999
H1_460  1938    94   639
H1_460  1940   722   764   720   522  1061  1086   825  2200  1449  1033
H1_460  1950  1057  1168   997   963   906   914   547   649   925   756
H1_460  1960  1153   858   873   674   536   770   578   477   510   821
H1_460  1970   802   622   539   889   713   948  1472   924   901   791
H1_460  1980   847   986   887   964   825   555   493   477   532   691
H1_460  1990   534   417   404   338   456   389   639   523   688   378
H1_460  2000   431   374   506   693   400   466   971   850   792   910
H1_460  2010   887   315 -9999
H3_459  1981   443   673   778   622   285   561   225   414   442
H3_459  1990   635   299   290   309   106   149   222   344   169   104
H3_459  2000   263   160    97   211    85    84   190   169   190   231
H3_459  2010   252    11 -9999
I2_426  1989   678
I2_426  1990  1728  1699  1606  1168  1643  1571  1914  1474  1586  1057
I2_426  2000   937   691   614  1333   783   910  1595  1580  1543  1227
I2_426  2010  1744   958 -9999
I2_428  1963   980   576   862   967  1054  1068  1305
I2_428  1970  1566  1177  1422  1350  1351  1789  1179  1318  1889  1544
I2_428  1980  1666  1737  1278  1777  1320   927  1010  2081  1824  1987
I2_428  1990  1766  1626  1449   998  1606   998  1469  1582  1717  1478
I2_428  2000  1018   604   853  1504  1095  1066  1853  1637  1737  1537
I2_428  2010   955  1017 -9999
I3_418  1940   129   124   127    80   143   138   102    81    85    74
I3_418  1950   126   114   111    74    97   234   132   125   123   121
I3_418  1960   165   201   148   216   226   194   131   180   141   120
I3_418  1970   203   323   192    96   120   204   254   322   558   438
I3_418  1980   699   239   267   414   388   150   120   130   205   239
I3_418  1990   140   143   142   119   159   138   268   268   289   367
I3_418  2000   254   294   275   491   201   756  1353  1233  1021   558
I3_418  2010   275   100 -9999
A1_106  1966   360  1905  1668  1092
A1_106  1970  1283  1647  1551   910   527   803   444   698   571  1100
A1_106  1980   762   571   600   838   865  1045  1621  1715  2191  2071
A1_106  1990  1704  3071   359  2328  2794  2390  2946  2283  1921  1996
A1_106  2000  2626  2038  2048  2368  2269  3046  3676  3107  2999  3293
A1_106  2010  3145  1887 -9999
A1_113  1957  2434  2269  1794
A1_113  1960  1982  1888  1896  2165  1517  2659  2366  2481  1604  2297
A1_113  1970  1362  1285  1196   903  2036   986  1112  1129  1791  2053
A1_113  1980  1159  1354  1592  1168  1142  2292  2910  3304  2947  3030
A1_113  1990  1813  1814  2775  1610  2119  1838  1977  2827  4292  2247
A1_113  2000  3030  2250  1496  1646  1489  1454  2223  1860  1272  1781
A1_113  2010  1596   562 -9999
A1_118  1976    38   877  1209  1406
A1_118  1980  1630   729   587   481   630  1105   803  1387  1059  1352
A1_118  1990  1242  1089  1172  1072  1477   965  1325  1325  1840  1355
A1_118  2000  1817  1703  1442  2394  1779  1370  2030  2197  2626  2774
A1_118  2010  3317  1679 -9999
A2_478  1969  1353
A2_478  1970   825  1130  1255   931   761   731  1472   883  1020  1139
A2_478  1980   939   897   833  1482   944   450   465   701   918  1728
A2_478  1990  1108  1068  1034  1799  2169  1380  2157  2092   998  1544
A2_478  2000  1628  1260  1376  1776  2021  2084  3471  3277  2968  2778
A2_478  2010  2496  2053 -9999
A2_483  1983   274  2107  1496  2290  3110  3529  4013
A2_483  1990  2743  2103  3209  2238  2893  1682  2517  1945  1751  2567
A2_483  2000  3252  2135  1564  2727  1945  2389  3499  2963  2486  2564
A2_483  2010  2022  1227 -9999
A2_484  1941   141   296  1451  1728   562  1212  1240   387  1024
A2_484  1950   843   822  1924  2013  2421  1905   879   805  1342   973
A2_484  1960  1348   976  1008  1014   919   815   681   778  1268  2780
A2_484  1970  1064   697   635   263   249   821  2068  1292  2693  1379
A2_484  1980  1510  1025   820   683   593   703  1075  1495  2187  3073
A2_484  1990  1798  1650  1678  1980  1386  1387  2304  2186  1537  1436
A2_484  2000  1789  1242  1316  2031   883  1136  2268  2745  3101  2774
A2_484  2010  1931  1563 -9999
A2_485  1968  1097  1248
A2_485  1970   190   190   381   919   660   614   761  1212  1136  1048
A2_485  1980  1456  1232   458   454   269   187   250   537   811  1414
A2_485  1990   665   426   901   921  2506  1980  2991  2043  2296  2474
A2_485  2000  4351  3232  1922  3196  1836  1335  2545  2837  2557  2942
A2_485  2010  2837  1659 -9999
A2_486  1949   593
A2_486  1950   550   889  1199  1044  1507  1439  1465  1486  2265  1203
A2_486  1960  1308  1829  1207  1143  1060   882   998  1049  1861  1790
A2_486  1970  1306   899  1061   272    39   197   120    30   122   367
A2_486  1980  1625  1133   607   377   251   188   168   631  1509  1444
A2_486  1990  1159  1092  1149  1058  1287   809  1990  1817  1355  1147
A2_486  2000  1497  1076  1094  1989  1714  1121  2165  2095  1886  2273
A2_486  2010  2010  1438 -9999
A2_487  1956   916  2012  1396  1087
A2_487  1960  1641  2021  1236   733   794  1346  1513  1818  1542  4013
A2_487  1970  2708  1150  1055  1460  1618  1283  1192  1416  1862  2178
A2_487  1980  1320  3248  2635  2366  2460  2124  1514  1394  1772  2968
A2_487  1990  2095  2984  2857  2561  3510  2828  3810  3510  3637  2635
A2_487  2000  3458  2597  1319  1843  1800  1990  2370  2008  1636  2122
A2_487  2010  1945  1179 -9999
A3_097  1994  2265  2252  2895  1978  2967  2809
A3_097  2000  3971  3900  2859  4655  2602  4633  6325  4634  3236  3367
A3_097  2010  4581  2003 -9999
B1_036  1971   931   931  1311   993  1022  1559  1506  2089  1592
B1_036  1980  1343  1073  1202  1305  1457  1121   930  1166  1225  1986
B1_036  1990  1651  1289  1503  1566  3713  1777  2265  1820  1587  1904
B1_036  2000  2752  1355  1289  1709  1220   803  1704  2440  1746  1409
B1_036  2010  1627  1334 -9999
B1_481  1935    38  1334  1651  1813  1088
B1_481  1940  1819  2038  2527  1986  1581  1692  1726  1019   927   900
B1_481  1950   868   969  1333   868  1058  1291  1057  1184  1205  1653
B1_481  1960  2113  1333  1566  1482  1586  1305  1453  1436  1604  1921
B1_481  1970  1647  1343  1532  1143  1068  1191  1393  1809  1616  1827
B1_481  1980  1540   903  1253  1116  1251  1158  1484  1289  1557   809
B1_481  1990   380   543   673   781  1173   869  1122  1648  1093  1311
B1_481  2000  1826  1436   986  1707  1138   804  1419  1615  1284  1420
B1_481  2010  1275  1194 -9999
B2_147  1940  1418  1665   736   434   665   882   307   384   950  1461
B2_147  1950  2370  1425  1130   767   943  1246   833   525   718   420
B2_147  1960   833   680   741  1050   670   852   994   832   710  1493
B2_147  1970   659   345   183   325   284   264   409   556   710   535
B2_147  1980   750   883   504   461   896   792   563   813  1688  2366
B2_147  1990  1394  1205  1076   715  1241   715   740   505  1014  1270
B2_147  2000  1545  1164  1037  1270   782   761  1535  1585  1451  1367
B2_147  2010  1514   713 -9999
B2_148  1953   234   425   191   289   263   322   364
B2_148  1960   650   528   665   419   168   460   564   506   526  1128
B2_148  1970   620   661   371   581   914  1210  2065  1666  1753  1507
B2_148  1980  2225  2044  1072  1093  1717  1503  1716  3270  3736  2958
B2_148  1990  2444  2430  3393  2807  3323  1598  2748  1564  1818  2240
B2_148  2000  3556  1778  2156  3360  2244  1775  3507  3718  3830  4206
B2_148  2010  4109  2286 -9999
B2_149  1958   722  3557
B2_149  1960  3826  2914  3127  2970  2811  1930  2336  2495  2093  1817
B2_149  1970  1734   955   518   294    92    75    93   362  1268  1768
B2_149  1980  1807  1627  2056   693   840  1134  1098  1246  1807  2248
B2_149  1990  1041  1458  1576  1711  2455  1437  2558  2434  1524  2220
B2_149  2000  2708  2417  1541  1862  1184  1279  1608  1953  1537  1641
B2_149  2010  1845  1057 -9999
B2_150  1950   804   655  1035   886   930  1026   512   705  1009  1160
B2_150  1960  1378   865  1246  1862  2020  1810  1810  1641  1945  2716
B2_150  1970   604   380   211   337   231   587   814  1577  1803  1635
B2_150  1980  1345  1132  1136   692  1483  1577  1204  1521  3211  3823
B2_150  1990  1899  2319  2309  2423  2778  1772  2799  3869  2283  2612
B2_150  2000  3592  3456  3017  3088  1680  2630  4552  3928  3301  2823
B2_150  2010  2524  2472 -9999
B2_153  1950  1018  2650  2554  1950  2810  2706  1681  1718  3414  1817
B2_153  1960  2627  2615   823   696  1049   633   717   527  1011   757
B2_153  1970  1027   351   107   180   366   505   462   403   424   569
B2_153  1980   506   521   670   361   335   146   125   437   700   955
B2_153  1990   501   357   378   378   336   189   294   126   420   421
B2_153  2000   421   462   603   632   339   294   523   775   869   641
B2_153  2010   414   172 -9999
B2_154  1938    32   576
B2_154  1940   877  1067  1261  1066  2250  2261  1067   577   725  1165
B2_154  1950   913  1061  1073   741  1092  1144  1081   722   600   364
B2_154  1960   655   480   632   589   293   610   654   748   665  1247
B2_154  1970   910   592   359   665   462   428   437   540   878   653
B2_154  1980   739   555   405   413   708   272   253   410   581  1450
B2_154  1990   413   201   233   211   263   547   650   397   418   271
B2_154  2000   769   973   982  1289   546   522   796  1548  1078   850
B2_154  2010  1018   752 -9999
B2_155  1958  1990  1608
B2_155  1960  1218  1138   838  1031   472  2909  2369  2280  1830  1926
B2_155  1970   934   856   313   591   548   603   867   835  1464   985
B2_155  1980  1068  1109   697   321    88   288   431   635  1224  1974
B2_155  1990   867   726   991  1276  1540   676   719  1122   697   929
B2_155  2000  1094   862   780   907   630   421   528  1205  1122   888
B2_155  2010   450   108 -9999
C1_101  1940  1257  2153  1551  1277  1816  1817  2157  1548  1264  1013
C1_101  1950  1159   717   885   738   841  1306  1032   991  1159  1391
C1_101  1960  1693  1325  1935  1771  1415  1539  1497  1350  1645  1750
C1_101  1970  1539  1184  1121  1269  1607  1542  1792  2088  1741  1767
C1_101  1980  1447  1007  1007   732  1004  1257   902  1468  2297  2612
C1_101  1990   919  1379  1525  1531  1704  1073  1367  1518  1351  1817
C1_101  2000  1986  1732  1434  1752  1584  1244  1905  2413  1714  2053
C1_101  2010  1691  1089 -9999
C1_102  1961  2461  1688  2231  2281  3042  2557  1787  2045  2244
C1_102  1970  1442   782   635   656   974   889  1249  2413  1837  1985
C1_102  1980  1373  1034  1076   931  1185  1084  1074  1310  2409  3422
C1_102  1990  1373  1274  1237  1363  2502  1388  1728  1311  1182  1056
C1_102  2000  2242  1774  1501  2325  1014   949  1968  2074  1862  1881
C1_102  2010  1957  1362 -9999
C1_103  1983  1196  1194  1016  1178  1252  1760  2603
C1_103  1990  1345  1535  2378  2014  2642  2064  2733  2240  2348  2666
C1_103  2000  3121  3010  1499  3025  2657  2827  3620  2935  3643  4154
C1_103  2010  3783  1538 -9999
C1_104  1959  2671
C1_104  1960  3345  4862  4510  3182  3256  2400  2218  2086  3135  1547
C1_104  1970  2690  1693   585  1044   889  1853  1157  1917  2018  1911
C1_104  1980  2060  1409  1364   971   887  1651  1269   997  1132  1459
C1_104  1990  1079   937   761   666  1693   878  1439  1458  1221  1279
C1_104  2000  1426  1317   903  1455  1052  1075  1249  1439  1101  1164
C1_104  2010  1227   690 -9999
C2_013  1955   149   159   532   863  1179
C2_013  1960  1818  1439   829  1444  1074   821   949  1613  1329   816
C2_013  1970   903  2094  1162   482   520  1180  1185   376   594   703
C2_013  1980  1638   922   410   574   240   292   619   416   695  2733
C2_013  1990  1192   932  1016  1203  1307   896  1521   991  1234  1792
C2_013  2000  2104  1600  2210  3351  1071   919  2607  3138  2287  1901
C2_013  2010  1775  1132 -9999
C2_014  1938   215   450
C2_014  1940   413   201   196   282   489   334   178   180   239   252
C2_014  1950   667   458   726   535   571   448   250   287   198   362
C2_014  1960   405   293   630   381   596   533   778  2276  3375  6379
C2_014  1970  4323  1142  1434  2032  2382  2404  1831  3795  5129  6073
C2_014  1980  4060  2485  2485  1725  2246  2054  1184  1791  2438  3046
C2_014  1990  1453  2084  2337  2151  3289  3115  4158  3392  3361  4018
C2_014  2000  3958  2475  2285  3279  1946  2155  3634  3779  3522  3227
C2_014  2010  3480  2121 -9999
C2_015  1966  2387  3397  1906  3158
C2_015  1970   860   145   165   334   270   374   457   710  1048   982
C2_015  1980  1003  1163   854   484   739   714  1221  1649  1417  3010
C2_015  1990  1173   902  1215  2535  4184  1544  1650  1015  1089  1444
C2_015  2000  2051  1439  2233  3692  1810  1682  2856  3358  2159  2432
C2_015  2010  2619   932 -9999
C2_016  1942   122   458   716  1113   722   642   623   302
C2_016  1950   796   526   438   246   425   237   250   276   183    80
C2_016  1960   185   140   399   292   538  1329  1232  1899   795  1616
C2_016  1970   975    98   165   543   690   881   972   740   825   968
C2_016  1980   504   586   313   222   341   251   314   695  1162  1354
C2_016  1990   529   803   886  1225  1815   583   934   485   865  1058
C2_016  2000  2116  1609   910  1289   753  1259  1811  2143  1114  1625
C2_016  2010  2394   671 -9999
D1_461  1952     3   905  1191  2331  1541  1164   824  1247
D1_461  1960  1196   836  1473  1767   907  1014  1077   803   761   847
D1_461  1970   381   233   169   233   528   529   656  1417  1600  1310
D1_461  1980   930   968   926   841  1428   946  1010   947  1094  1429
D1_461  1990   818  1026  1315  1112  1747  1343  1715  1795  1292  1423
D1_461  2000  2140  1798  1500  2342  1362  1259  1763  2291  1957  1770
D1_461  2010  1362  1074 -9999
D1_462  1959   804
D1_462  1960  1926  1683  2436  2120  1731  2254  1822  1514  1370  1882
D1_462  1970  1228   889   698  1058   931   974  1270  1800  1848  2063
D1_462  1980  1563  1629  1503  1750  1771  1960  1693  1650  1584  2027
D1_462  1990  1778  1439  1757  2095  3339  1502  2857  2498  2328  1944
D1_462  2000  3107  2616  1537  3043  2146  1965  2622  2306  2031  2073
D1_462  2010  1904  1532 -9999
D1_463  1952   793   200   571  1037   909  1100  1598  1667
D1_463  1960  1962  1576  1726  1432  1415  1630  1883  1502   973  1735
D1_463  1970   868   487   527   781   886  1120  1162  1394  1458  1544
D1_463  1980  1269   804   698   974   910   762   834  1087  1372  1664
D1_463  1990   973   889  1013  1011  1390   885  1151   976   897  1062
D1_463  2000  1248  1095   843  1583  1032   865  1287  1414  1371  1411
D1_463  2010  1164   803 -9999
D1_464  1944  1041  3859  3882  4283  2410  1340
D1_464  1950  1748  1480  1085   988  1456  1058   828   874   905   748
D1_464  1960  1662  1058   825   906   942  1579  1259  1146  1110  1172
D1_464  1970   884   517   538   830   956  1022  1382  1711  1649  1681
D1_464  1980  1267  1329  1112   875  1401  1269  1320  1620  1970  1966
D1_464  1990   865   779   575  1024  1655  1273  2024  2185  1932  1965
D1_464  2000  1994  1703  1131  1487  1445  1301  1933  2062  1728  1475
D1_464  2010  1517   909 -9999
D1_465  1949   244
D1_465  1950   200  1446  1082  1124   255   549   743   361   320   395
D1_465  1960   740   675   918   730   587   510   550   746   453   350
D1_465  1970   945   128   162   105   158   210   122   530   504   181
D1_465  1980   325   221   167   205   242   135   134   229   431   678
D1_465  1990   413   353   480   462   635   635   741   317   547   543
D1_465  2000   877   752   480   649   377   398   739   885   653   568
D1_465  2010   503   153 -9999
D1_466  1980    36  2659  1927  1647   838   820   790  1074  1264  1507
D1_466  1990   729   691   803  1051  1514  1139  1541  1193  1045  1020
D1_466  2000   851   896   959  1558  1077  1023  1586  1745  1961  1910
D1_466  2010  2994  2458 -9999
D1_467  1970   487   423   429   980   535  1867  2005  2620  3361  1415
D1_467  1980  1844   637   584   867  1256   747  1010  1293  1663  1415
D1_467  1990   746   987  1250   915   994  1062  1916   416   666  1333
D1_467  2000  1562  1254   941  1735   897  1687  3061  2769  2793  3093
D1_467  2010  2072  1106 -9999
E2_421  1973   110   132   269   149   162   186   252
E2_421  1980   274   454   102   541   448   815  1206  1977  2328  3732
E2_421  1990  1903  1354  1058  1139  1694  1621  2366  1407  2223  2021
E2_421  2000  2354  2380  1804  2854  1991  2400  3914  3217  2603  3068
E2_421  2010  2623  1356 -9999
F1_433  1957   360  1248  1122
F1_433  1960  1448  1105   931  1057   570   801   644   558   634   677
F1_433  1970   444   974   889  1016  1013   778   923  1353  1649  1151
F1_433  1980  1395   858   169  1603  1712  1269  1248  1484  1494  2590
F1_433  1990  1798  1642  1177   882  1482  1845  3517  1714  3143  1814
F1_433  2000  1119  1369  1322  2059  1414  2092  3235  2556  1899  2639
F1_433  2010  2141  2079 -9999
F3_424  1976  2815  1794  3200  2684
F3_424  1980  3103  2758  2772  2670  1979  2004  2451  1925  1813  4103
F3_424  1990  3812  2889  2069  1266  1811  1820  1862  1990  1714  2413
F3_424  2000  1940  1756  1395  2456  2043  2206  2737  2279  1843  2016
F3_424  2010  2102   994 -9999
G1_009  1961   482  1663   561   365   882   904   889  1292  1256
G1_009  1970  1468   829  1497   703  1123  1038   799  1010  1854  1176
G1_009  1980   738   809   852  1992  1352  1482   794   836  1385  1582
G1_009  1990  1139  1362   973   721  1943  1363  2432  1664  1601  2187
G1_009  2000  1924  1662  1496  2487  1696  1347  2890  2535  2276  2455
G1_009  2010  2346  1590 -9999
A2_477  1987   342  1294  1139
A2_477  1990  1364  1322  1302   805  1156   978   794   903  1337  1125
A2_477  2000  1231  1105   837  1827  1386  1765  2545  2275  2570  2949
A2_477  2010  2275  2039 -9999
B1_038  1979   954
B1_038  1980  1329  1535   866  1119  1205   875   547   886   944  1844
B1_038  1990  1457  1015  1649  2051  2074   761  1517  1721  1460  1037
B1_038  2000  1502  1459  1014  1418  1287  1011  1806  1880  1566  1585
B1_038  2010  1878  1551 -9999
B2_151  1992   171   280   281   349   498   440   353   251
B2_151  2000   387   488   510   484   247   594   660  1257  1419  1298
B2_151  2010  1329   149 -9999
B2_479  1968   160   291
B2_479  1970   370   471   437   670   828   930   960   781   775   478
B2_479  1980   859   963   607   647   647   941   859   588   630  1028
B2_479  1990   775   462   823   950  1397   321   969   795   723   468
B2_479  2000   650   654   421   674   448   226   906   934   477   497
B2_479  2010   349   296 -9999
B3_096  1991   866  1439   722  1021   638   365   386   672  1103
B3_096  2000  1230  1556  1763   879   741  2455  4235  3765  3258  2354
B3_096  2010  2701   755 -9999
C1_091  1980   341   489   507   412   298   310   455   799  1079  1015
C1_091  1990  1196  1670  1426  2016  2147   881  1145  1212  1264  1185
C1_091  2000  1163   857   614   832   638  1025  1709  1829  1694  1828
C1_091  2010  1338   505 -9999
C1_099  1990   745  1427   912   810   850   998   305   351   170   525
C1_099  2000   897  1092   748  1091   707   586   889   885  1091   510
C1_099  2010   938   303 -9999
C1_100  1983   783  1227   973   783   673  1268  1159
C1_100  1990   867  1025  1111  1383  2267  2049  2134  1735  1016  2489
C1_100  2000  2538  1734  1355  2509  1545  1943  3042  2482  2521  1825
C1_100  2010  2572  1085 -9999
D1_470  1972   296   383   246   239   120   100   103    87
D1_470  1980   128   159   101   102    83   144   184   169   152   314
D1_470  1990   255   392   344   257   824   629   939   406   571   385
D1_470  2000   328   228   197   489   259   308   266   447   400   459
D1_470  2010   395 -9999
F1_434  1989   181
F1_434  1990   692   639   446   346   120   703  1568  1371  2283  1627
F1_434  2000  1176  1515  2115  2222  2051  2482  3104  3145  3475  2833
F1_434  2010  2806  1457 -9999
F2_420  1958   250   489
F2_420  1960   669   430   350   247   135   234   216   143   175   147
F2_420  1970    94   151   663   582   384   361   419   481   319   272
F2_420  1980   424   844   273   266   486   411   309  1141  1191  1181
F2_420  1990  1311  1247   296   289   324   185   148   175   550   907
F2_420  2000   798   779  1160  1203   656   846  1848  2313  2464  2657
F2_420  2010  1736   306 -9999
G1_008  1994   590   908   903  1002  1412   643
G1_008  2000   697   698   508  1036  1163  1603  2306  2481  2580  3114
G1_008  2010  2180  1159 -9999
G1_471  1980   994   550  1036  1627  1325   866   644  1278  1761  2235
G1_471  1990  1579  1657  2414  2045  2517  1295  2466  1604  1353  1626
G1_471  2000  1245   864  1721  1494  1101  1333  2768  2664  2433  2222
G1_471  2010  1983  1909 -9999
I2_431  1970   179   332   470   710   862  1424  1191  1425  1337  1016
I2_431  1980   970  1316  1274  1900  1211  1102   903  1097  1462  1960
I2_431  1990  1496  1581  1756  1185  2136  1549  1809  1620  2050  2334
I2_431  2000  2106  1781  1349  1587  1390  1558  2195  2348  1966  1642
I2_431  2010  1779  1248 -9999
F1_435  1983    43   432   468   433   396  1077   791
F1_435  1990   525   399   597   656   895   889   694   651   446   451
F1_435  2000   534   957  1209   930   794  1270  2358  2268  2239  1618
F1_435  2010  2295  1131 -9999
H2_206  1988   242   361
H2_206  1990   409   462   126   106   303   138   190   125   221   158
H2_206  2000   116   243   275   475   724   691   976   767   555   700
H2_206  2010   592   358 -9999
H2_207  1983   245   305   244   403   200   144   286
H2_207  1990   176   160   119    94   148    77    42   187   132   205
H2_207  2000   320   128    50    59    71    92   104   106    96    63
H2_207  2010    62    25 -9999
H2_208  1985   106   159   158   505   486
H2_208  1990   117   359   223    74   275    94   149  1087   571  1174
H2_208  2000  1200   516  1179   375   450 -9999
H2_209  1981    81   162   144    91   125   170   218   185   142
H2_209  1990   256   335   196   156   589   184   110    84   141   191
H2_209  2000   137   213   130   229    99   347   905   843   801   748
H2_209  2010  1371   436 -9999
A3_550  1983   205   142   225   332   513   466   275
A3_550  1990   508   677   656   381   474   324   324   360   275   211
A3_550  2000   274   208   113    81   190   317   507   455   324   282
A3_550  2010   296   113 -9999
E1_214  1983   208   126   105   161   267   207   338
E1_214  1990   505   440   653   287   305   295   539   600   305   620
E1_214  2000   736   392   237 -9999
