A1005   1982    32  2739  1657  1159  1698  1633  1989  2155
A1005   1990  1840  1881  2491  2222  3094  2233  2814  2606  2664  2418
A1005   2000  2979  2358  2152  2497  2327  2934  3476  2865  3075  2889
A1005   2010 -9999
A2528   1951   243   980  1493  1375  1687  1230  1335  1581  1260
A2528   1960  1837  2531  2390  2174  1396  1801  1664  1521  1888  1470
A2528   1970  1661  1283   738  1289  1287  2141  2170  1907  1634  1805
A2528   1980  1422  1344  1015  1477  1419  1601  1487  1726  2026  2048
A2528   1990  2589  1698  1959  1978  2212  1732  1836  1335  1744  1403
A2528   2000  2083  1863  1632  1828  1613  2359  2815  1737  1414  1783
A2528   2010 -9999
A2529   1962   983   923   759   826   338   508   953   973
A2529   1970  1185   508   677  1206   593  1560  2074  2094  2621  2538
A2529   1980  2412  2137  2137  2874  2640  2218  1439  1836  2007  2217
A2529   1990  2279  1348  1767  1346  2082  1556  1790  1385  1675  1944
A2529   2000  2344  1738  1365  1598  1514  1771  1735  1504  1458  2292
A2529   2010 -9999
B2067   1980    63  1451  1424   990   868   825   507   918  1498  1078
B2067   1990  1115  1780  2115  1369  2127  1797  2877  2218  2823  2298
B2067   2000  2744  2074  1672  2348  1712  2376  3554  2659  2519  2622
B2067   2010 -9999
B2068   1965   356   553   657   693   354
B2068   1970   880   564   201   718   598  1313  1642  1950  1682  1474
B2068   1980  1842  2225  2457  3218  2468  2395  1074  1229  1422  1694
B2068   1990  1409  1530  1795  2328  3472  2136  2135  1546  2777  2681
B2068   2000  3695  2366  2115  3280  2201  3450  3450  2411  1986  2827
B2068   2010 -9999
C2108   1986   173  2993   569  1661
C2108   1990  6182  4462  3010  2629  3590  2992  3162  3171  3578  3931
C2108   2000  4126  3636  3488  3974  3254  3820  4258  3412  3816  4116
C2108   2010 -9999
C2110   1987   102   929   498
C2110   1990  1077  2016  2974  2078  2918  2503  3465  2889  3615  2288
C2110   2000  3051  2781  2032  3004  2632  3284  4250  3887  4257  4341
C2110   2010 -9999
C3082   1982   127   592   379  1037  1102  1291  1756  1248
C3082   1990  1650  1522  1416  1672  2099  1685  2302  1818  2220  2601
C3082   2000  2779  2277  2011  2465  1710  3144  4478  2917  2770  3067
C3082   2010 -9999
D1125   1983   249   328  1038   383   572  1185  1199
D1125   1990  1174  1436   863   645  1094  1237  1879  2912  3716  2670
D1125   2000  2257  2941  2445  3537  3097  3489  3584  3841  4778  4359
D1125   2010 -9999
E3494   1978   565   274
E3494   1980   594  1313   878   991  1296  1943  1548  1357  1429  1319
E3494   1990  1618   822  1096   864  1329  1393  1185  1714  2388  2467
E3494   2000  2172  2798  2517  3037  2752  3285  3689  3398  3466  3639
E3494   2010 -9999
E3514   1982   216  1489  1312  1363   772  1021  1453  1906
E3514   1990  1918  2177  1594  1829  2208  1472  2161  1863  2592  2305
E3514   2000  2355  1632  1662  2907  2172  1681  2472  2763  3054  2994
E3514   2010 -9999
A2030   1973    27   173   391   465   393   155   304
A2030   1980   350   359   262   230   333   264   282   367   466   690
A2030   1990   335   253   273   293  1131  1028  1306  1438  1701  1217
A2030   2000  1535  1925  1062  1874  1758  2366  2534  2184  2441  2783
A2030   2010 -9999
A2530   1981   315   858   684   550  1021  1395  1449  1329  1393
A2530   1990  1592   795  1427   917  1405  1416  1764  1532  2398  2226
A2530   2000  1696  2191  1415  2426  3269  2551  2485  2562  2680  2183
A2530   2010 -9999
C2109   1986   177  1837  1782   729
C2109   1990  1097   680   616   627  1187   806  1890  2330  3499  3311
C2109   2000  3696  3074  2992  3627  3057  3563  4473  4277  3608  3961
C2109   2010 -9999
C3079   1988   232   250
C3079   1990   230   351   298   295   485   573   597   514   652   438
C3079   2000   467   486   388   672   589   783  1119  1060   952  1086
C3079   2010 -9999
C3086   1986   353   402   741   845
C3086   1990   931  1208  1028   695  1392  1353  1695  1622  2242  1626
C3086   2000  1987  1666  1084  2114  1966  2820  3072  1832  1921  2490
C3086   2010 -9999
D1124   1974   127  1110  1293  1334   581   558
D1124   1980   502   500   407   423   554   425   381   437   332   641
D1124   1990   813   511   518   245   363   169   208   352   200   320
D1124   2000   741   681   727  1255  1022  1656  1934  2406  2153  1958
D1124   2010 -9999
D2518   1978    75   160
D2518   1980   363   328    99   107   142   153   141   237   295   280
D2518   1990   288   397   672   501   855   285   871   706   673   598
D2518   2000   598   718   880  1266  1002  1715  2500  2180  2144  3066
D2518   2010 -9999
E3492   1976    75   600   439   495
E3492   1980   445   418   639   415   427   374   440   612   590   632
E3492   1990   590   632   507   401   655   507   803   802  1118   886
E3492   2000   891   647   564   786   826   952  1033   979   890   980
E3492   2010 -9999
E3495   1978   393   848
E3495   1980  2049   909   955  1119  1121   928   675  1035  2091  1323
E3495   1990  2560  1490  1681  1325  1980  1606  2066  1828  2849  2443
E3495   2000  2643  1911  1594  2854  2776  3021  3763  3064  3278  3273
E3495   2010 -9999
G2500   1980   172   579   501   461   424   465   329   746   914   983
G2500   1990   551   689   963   586  1454  1156   895  1003  1362  1330
G2500   2000  1406   810  1014  1466  1578  1397  2315  1763  1325  2099
G2500   2010 -9999
G3158   1989   651
G3158   1990   373   474   240   414   588  1304  1427  1784  1242  1105
G3158   2000   944  1775  1128  1094  1787  1733  2546  1357  1276  2046
G3158   2010 -9999
C2527   1969    74
C2527   1970   127    74   127   201    97   233   254   277   656   423
C2527   1980   393   350   295   203   232   199   170   338   456   527
C2527   1990   591   359   464   380   651   267   375   377   254   253
C2527   2000   363   274   122   133   105    95   195   147   110   147
C2527   2010 -9999
E3619   1977    80   209   204
E3619   1980   110    88    97   103   112   179   132   269   534   700
E3619   1990  1199   456   473   416   595   537   386   485   612   500
E3619   2000   520   459   439   609   441   585   903  1183   904  1123
E3619   2010 -9999
G3644   1980   227   181   222   300   180   192   151    71   119   119
G3644   1990   116   103   165   142   236   144   108   134   199   128
G3644   2000   158   228   112   164   219   295   338   232   273   505
G3644   2010 -9999
D2520   1992    59  2559  3053  1819  2218  2249  3334  2442
D2520   2000  2799  2238  1606  2135  1796  2049  2765  2722  2922  3138
D2520   2010 -9999
D3454   1966   342   847   677   571
D3454   1970   593   296   275   571   782  1011  1160   739   636   995
D3454   1980  1561  2156  2136  2222  1735  2074  1544  2392  4373  4489
D3454   1990  3616  2781  2173  2471  3757  3038  4683  4807  5682  4495
D3454   2000  4852  3882  3618  4802  3009  3015  4030  3233  3270  3470
D3454   2010 -9999
