A2526   1975  2783  3915  4507  4113  3265
A2526   1980  3288  2920  2895  3603  2706  2669  2871  2871  4019  5242
A2526   1990  3614  2498  3356  2583  4683  3962  4091  3020  4291  3291
A2526   2000  3771  2744  1975  2564  2473  2895  2970  2756  2761  3608
A2526   2010 -9999
B1510   1984   520  1756  1750  1746  1962  1656
B1510   1990  2027  1309  1520  1636  1912  1506  1330  1586  2067  1319
B1510   2000  1113   737   782  1162  1543  1057  1566  1375  1397  1062
B1510   2010 -9999
C2107   1976  1851  1352  1493  1509
C2107   1980   929  1132  1036  1272  1199   688  1008  1154  1630  1549
C2107   1990  1132  1364  1368  1304  2102  1473  1877  1478  1630  1607
C2107   2000  1772  1305  1155  1507  1105  1229  1353  1237  1408  1791
C2107   2010 -9999
C2160   1973    12  1170  1100  1054  1280  1725  1884
C2160   1980  1848  1816  1536  1493  1178   939  1003  1566  2610  3068
C2160   1990  1808  1826  2089  1514  3482  2971  2695  1755  2452  2345
C2160   2000  2919  1814  2069  2445  1583  2092  2157  2030  1735  1862
C2160   2010 -9999
C3084   1982   154   265   421   524   591   827  1440   765
C3084   1990  1214   970  1296  1347  1817  1801  2450  1907  2784  2271
C3084   2000  2271  2474  1864  2736  2089  2821  3387  2912  2800  3352
C3084   2010 -9999
D1126   1963   734  1485  1586  1739  2814  2442  1019
D1126   1970  1706  2246  1812  2211  2713  2429  2959  3333  3383  3598
D1126   1980  3395  3529  3104  3639  3925  3416  3691  3132  4561  5205
D1126   1990  2746  3005  3575  2666  4596  3742  3991  2590  3181  3134
D1126   2000  3268  2819  2735  3659  2717  2420  3239  2843  2738  3151
D1126   2010 -9999
E3513   1974   276   676   931   676   613   593
E3513   1980   825   444   675   885   989   965   877  1013  1775  1643
E3513   1990  1455  1759  1726  1348  3089  2374  3149  2645  2772  2750
E3513   2000  3425  3063  2578  3488  2660  3380  4492  3548  3263  3598
E3513   2010 -9999
E3515   1987  2408  2976  1309
E3515   1990  1549  1183  1333  1229  1809  1670  2917  2177  2814  1735
E3515   2000  1524  1884  1714  2434  1799  2433  3806  3468  2830  2849
E3515   2010 -9999
E3498   1982   578   306   502   633   451   369   226   518
E3498   1990   460   507   677   529  1224  1124  1199  1320  1757  1430
E3498   2000  1620  1706  1397  2323  1817  3101  3564  3680  3899  3605
E3498   2010 -9999
G2452   1977  1623  1264  2250
G2452   1980  2537  2883  2270  2067  2126  2007  2141  2559  3339  2721
G2452   1990  2251  1698  2058  1946  3301  2656  3385  3242  3603  3443
G2452   2000  3363  3157  2769  3580  3194  3623  3811  3034  3736  4123
G2452   2010 -9999
G2502   1981  4702  2841  2532  2142  1769  2245  2096  2581  3140
G2502   1990  2727  1502  1739  1889  3746  1946  2611  2047  2648  1660
G2502   2000  2521  2406  1853  2854  2394  3354  3804  2976  2650  2679
G2502   2010 -9999
C3083   1993    17   598   923   623   559   701   845
C3083   2000   554   681   739  1072   937   942  1071   836   899  1123
C3083   2010 -9999
D1129   1991   191   379   626  1414  1672  1785  1459  1903  1355
D1129   2000  1672  1397  1839  2367  2070  3555  3531  2855  2579  2601
D1129   2010 -9999
D1130   1990   107  1078   863   984  1303  1002  1158   762  1218  1319
D1130   2000  1417  1279   972  1734  1606  2207  2228  1386  1397  2044
D1130   2010 -9999
F3497   1997  1362  2100  1032
F3497   2000  1230  1192   914  1312   930  1291  1454  1370  1729  1664
F3497   2010 -9999
F3499   1982   256   207   250   385   213   208   341   719
F3499   1990   210   317  2208   277  1024  1658  2307  2346   381   906
F3499   2000  1829  1981  1097  1856  1585  2264  2200  2029  2265  2035
F3499   2010 -9999
G2448   1997  1936  1952  1332
G2448   2000  2230  1267  1139  2118  1720  1499  1659  1583  2313  1767
G2448   2010 -9999
G2450   1990   598   927   685   238  1105   828  1099  1023  1440  1186
G2450   2000  1693  1423  1110  1697  1297  2120  2249  1746  1994  2256
G2450   2010 -9999
G2501   1981   108   323   414   825   804  1010  1073  1004   894
G2501   1990  1304  1289  1015   295   674   754   713   753  1380  1047
G2501   2000  1429  1568  1084  2221  1987  2169  2800  2141  1873  2400
G2501   2010 -9999
G3156   1982    94   834   630   803   553   723   651   768
G3156   1990   736  1038  1258   839  1055   764   518   774  1032  1074
G3156   2000  1209  1097   484  1020   879  1141  1522  1277  1212  1263
G3156   2010 -9999
G3157   1990    98    82   128   181   137   592  1056   846  1012   420
G3157   2000   867   671   421   755   528  1113  1769  1428  1492  1829
G3157   2010 -9999
