A1_005  1983    32  2739  1657  1159  1698  1633  1989
A1_005  1990  2155  1840  1881  2491  2222  3094  2233  2814  2606  2664
A1_005  2000  2418  2979  2358  2152  2497  2327  2934  3476  2865  3075
A1_005  2010  2889  2815 -9999
A2_528  1952   243   980  1493  1375  1687  1230  1335  1581
A2_528  1960  1260  1837  2531  2390  2174  1396  1801  1664  1521  1888
A2_528  1970  1470  1661  1283   738  1289  1287  2141  2170  1907  1634
A2_528  1980  1805  1422  1344  1015  1477  1419  1601  1487  1726  2026
A2_528  1990  2048  2589  1698  1959  1978  2212  1732  1836  1335  1744
A2_528  2000  1403  2083  1863  1632  1828  1613  2359  2815  1737  1414
A2_528  2010  1783  1341 -9999
A2_529  1963   983   923   759   826   338   508   953
A2_529  1970   973  1185   508   677  1206   593  1560  2074  2094  2621
A2_529  1980  2538  2412  2137  2137  2874  2640  2218  1439  1836  2007
A2_529  1990  2217  2279  1348  1767  1346  2082  1556  1790  1385  1675
A2_529  2000  1944  2344  1738  1365  1598  1514  1771  1735  1504  1458
A2_529  2010  2292  1784 -9999
B2_067  1981    63  1451  1424   990   868   825   507   918  1498
B2_067  1990  1078  1115  1780  2115  1369  2127  1797  2877  2218  2823
B2_067  2000  2298  2744  2074  1672  2348  1712  2376  3554  2659  2519
B2_067  2010  2622  2417 -9999
B2_068  1966   356   553   657   693
B2_068  1970   354   880   564   201   718   598  1313  1642  1950  1682
B2_068  1980  1474  1842  2225  2457  3218  2468  2395  1074  1229  1422
B2_068  1990  1694  1409  1530  1795  2328  3472  2136  2135  1546  2777
B2_068  2000  2681  3695  2366  2115  3280  2201  3450  3450  2411  1986
B2_068  2010  2827  2647 -9999
C2_108  1987   173  2993   569
C2_108  1990  1661  6182  4462  3010  2629  3590  2992  3162  3171  3578
C2_108  2000  3931  4126  3636  3488  3974  3254  3820  4258  3412  3816
C2_108  2010  4116  3581 -9999
C2_110  1988   102   929
C2_110  1990   498  1077  2016  2974  2078  2918  2503  3465  2889  3615
C2_110  2000  2288  3051  2781  2032  3004  2632  3284  4250  3887  4257
C2_110  2010  4341  4150 -9999
C3_082  1983   127   592   379  1037  1102  1291  1756
C3_082  1990  1248  1650  1522  1416  1672  2099  1685  2302  1818  2220
C3_082  2000  2601  2779  2277  2011  2465  1710  3144  4478  2917  2770
C3_082  2010  3067  3141 -9999
D1_125  1984   249   328  1038   383   572  1185
D1_125  1990  1199  1174  1436   863   645  1094  1237  1879  2912  3716
D1_125  2000  2670  2257  2941  2445  3537  3097  3489  3584  3841  4778
D1_125  2010  4359  3814 -9999
E3_494  1979   565
E3_494  1980   274   594  1313   878   991  1296  1943  1548  1357  1429
E3_494  1990  1319  1618   822  1096   864  1329  1393  1185  1714  2388
E3_494  2000  2467  2172  2798  2517  3037  2752  3285  3689  3398  3466
E3_494  2010  3639  3090 -9999
E3_514  1983   216  1489  1312  1363   772  1021  1453
E3_514  1990  1906  1918  2177  1594  1829  2208  1472  2161  1863  2592
E3_514  2000  2305  2355  1632  1662  2907  2172  1681  2472  2763  3054
E3_514  2010  2994  2519 -9999
A2_030  1974    27   173   391   465   393   155
A2_030  1980   304   350   359   262   230   333   264   282   367   466
A2_030  1990   690   335   253   273   293  1131  1028  1306  1438  1701
A2_030  2000  1217  1535  1925  1062  1874  1758  2366  2534  2184  2441
A2_030  2010  2783  3331 -9999
A2_530  1982   315   858   684   550  1021  1395  1449  1329
A2_530  1990  1393  1592   795  1427   917  1405  1416  1764  1532  2398
A2_530  2000  2226  1696  2191  1415  2426  3269  2551  2485  2562  2680
A2_530  2010  2183   184 -9999
C2_109  1987   177  1837  1782
C2_109  1990   729  1097   680   616   627  1187   806  1890  2330  3499
C2_109  2000  3311  3696  3074  2992  3627  3057  3563  4473  4277  3608
C2_109  2010  3961  4522 -9999
C3_079  1989   232
C3_079  1990   250   230   351   298   295   485   573   597   514   652
C3_079  2000   438   467   486   388   672   589   783  1119  1060   952
C3_079  2010  1086  1105 -9999
C3_086  1987   353   402   741
C3_086  1990   845   931  1208  1028   695  1392  1353  1695  1622  2242
C3_086  2000  1626  1987  1666  1084  2114  1966  2820  3072  1832  1921
C3_086  2010  2490  2105 -9999
D1_124  1975   127  1110  1293  1334   581
D1_124  1980   558   502   500   407   423   554   425   381   437   332
D1_124  1990   641   813   511   518   245   363   169   208   352   200
D1_124  2000   320   741   681   727  1255  1022  1656  1934  2406  2153
D1_124  2010  1958  1464 -9999
D2_518  1979    75
D2_518  1980   160   363   328    99   107   142   153   141   237   295
D2_518  1990   280   288   397   672   501   855   285   871   706   673
D2_518  2000   598   598   718   880  1266  1002  1715  2500  2180  2144
D2_518  2010  3066  3376 -9999
E3_492  1977    75   600   439
E3_492  1980   495   445   418   639   415   427   374   440   612   590
E3_492  1990   632   590   632   507   401   655   507   803   802  1118
E3_492  2000   886   891   647   564   786   826   952  1033   979   890
E3_492  2010   980   776 -9999
E3_495  1979   393
E3_495  1980   848  2049   909   955  1119  1121   928   675  1035  2091
E3_495  1990  1323  2560  1490  1681  1325  1980  1606  2066  1828  2849
E3_495  2000  2443  2643  1911  1594  2854  2776  3021  3763  3064  3278
E3_495  2010  3273  3028 -9999
G2_500  1981   172   579   501   461   424   465   329   746   914
G2_500  1990   983   551   689   963   586  1454  1156   895  1003  1362
G2_500  2000  1330  1406   810  1014  1466  1578  1397  2315  1763  1325
G2_500  2010  2099  2111 -9999
G3_158  1990   651   373   474   240   414   588  1304  1427  1784  1242
G3_158  2000  1105   944  1775  1128  1094  1787  1733  2546  1357  1276
G3_158  2010  2046  1236 -9999
C2_527  1970    74   127    74   127   201    97   233   254   277   656
C2_527  1980   423   393   350   295   203   232   199   170   338   456
C2_527  1990   527   591   359   464   380   651   267   375   377   254
C2_527  2000   253   363   274   122   133   105    95   195   147   110
C2_527  2010   147   189 -9999
E3_619  1978    80   209
E3_619  1980   204   110    88    97   103   112   179   132   269   534
E3_619  1990   700  1199   456   473   416   595   537   386   485   612
E3_619  2000   500   520   459   439   609   441   585   903  1183   904
E3_619  2010  1123   985 -9999
G3_644  1981   227   181   222   300   180   192   151    71   119
G3_644  1990   119   116   103   165   142   236   144   108   134   199
G3_644  2000   128   158   228   112   164   219   295   338   232   273
G3_644  2010   505   421 -9999
D2_520  1993    59  2559  3053  1819  2218  2249  3334
D2_520  2000  2442  2799  2238  1606  2135  1796  2049  2765  2722  2922
D2_520  2010  3138  2853 -9999
D3_454  1967   342   847   677
D3_454  1970   571   593   296   275   571   782  1011  1160   739   636
D3_454  1980   995  1561  2156  2136  2222  1735  2074  1544  2392  4373
D3_454  1990  4489  3616  2781  2173  2471  3757  3038  4683  4807  5682
D3_454  2000  4495  4852  3882  3618  4802  3009  3015  4030  3233  3270
D3_454  2010  3470  3562 -9999
