A3029   1984    10  1381  1543  1944  2193  2312
A3029   1990  2741  2241  2454  2587  3427  2872  2807  2798  3783  3322
A3029   2000  3281  3676  2398  3753  3475  3370  3729  2815  2761  3339
A3029   2010 -9999
B1503   1928   189   687
B1503   1930   745   742  1013  1066  1519   875   784  1645  1933  2260
B1503   1940  1657  2770  1358  1406  2202  2091  1671  2249  2161  2601
B1503   1950  2570  2006  2120  2873  2238  2445  2414  3249  3537  3084
B1503   1960  3087  4000  2594  3121  2899  2333  2415  2699  2260  2602
B1503   1970  1521  1121   559  1018   792  1760  2647  3454  3695  3106
B1503   1980  3466  3995  2309  2810  2475  1888  2052  2304  3183  2409
B1503   1990  2498  2251  1721  1804  2381  2128  2173  2061  2526  2226
B1503   2000  2102  1915  1491  2180  2070  2323  2409  1956  1896  2309
B1503   2010 -9999
B1511   1982   219  1337   688  1389  1649  2054  2652  2224
B1511   1990  2899  2621  2989  2245  3124  2348  2550  2293  3842  3292
B1511   2000  3118  3291  2603  3536  3102  4222  4677  3244  4063  5008
B1511   2010 -9999
B1512   1982    68  1054   492   604   433   979  1971  1998
B1512   1990  2500  2053  1799  1349  2645  2322  1640   891  2042  2247
B1512   2000  3099  3492  2562  3855  3662  4858  4999  3622  3449  4660
B1512   2010 -9999
B2508   1956   297   412   432   362
B2508   1960   388   386   596  1263   867  1164   958   760  1025   634
B2508   1970   907   614   603  1258   740   889  1100   984   846   889
B2508   1980   751   942   772   963   997   804   963   846  1851  2551
B2508   1990  2022  1142  2270  2119  2272  1850  2314  1727  2733  2522
B2508   2000  3185  3036  2149  2912  2350  2219  2935  2373  2521  2783
B2508   2010 -9999
B2509   1957   492  4313  3617
B2509   1960  1966  2270  2128  1917  2803  1457  2314  1230  1065   735
B2509   1970   665   495   292   206   136   333   681   510   982   821
B2509   1980   831  1041   604  1255  1432  1550  1531  1663  2622  1941
B2509   1990  2906  2007  1555  1586  2687  2228  2611  2071  2848  2032
B2509   2000  2971  2441  1650  2354  2120  2876  2880  1991  1398  2032
B2509   2010 -9999
C2111   1969   329
C2111   1970   734   704   919   708   645  1137  1025   552   671   667
C2111   1980  1016  1310  1355  1750  1782  1957  2168  2498  3563  2975
C2111   1990  3259  3252  2861  2671  3959  3538  3597  3217  3831  3155
C2111   2000  2792  2917  2072  2619  2408  2476  2476  2295  2202  2736
C2111   2010 -9999
C3077   1983   291  1346   974  1131  1866  2382  2531
C3077   1990  2249  2413  2032  2199  3848  3217  3095  2883  3658  2706
C3077   2000  3444  3620  2583  3755  3516  4444  4483  3090  2225  2825
C3077   2010 -9999
C3081   1988    14  3200
C3081   1990  3026  2042  2101  1959  3498  2270  2757  2134  3032  2591
C3081   2000  3216  2938  1859  2394  2137  2591  2613  2020  2243  2558
C3081   2010 -9999
D1127   1973    60  3037  1853  2319  2454  3106  2943
D1127   1980  2413  2592  2294  2968  2916  2795  2767  2698  3404  3192
D1127   1990  2972  2379  2025  1970  3090  1863  2343  2009  2674  1703
D1127   2000  1847  2277  1956  2628  1023   832   600   728   396   780
D1127   2010 -9999
D1128   1984   124  1056  1369  1603  1441   972
D1128   1990   925   660   826   751  1236  1174  1795   971  1930  1378
D1128   2000  2068  2342  1752  2199  2688  3174  2878  2454  2688  4169
D1128   2010 -9999
D2522   1992   294  1028  1996  1880  1823  1648  3094  1823
D2522   2000  2063  2378  1320  2433  2580  3136  3359  2310  2110  4124
D2522   2010 -9999
D2523   1986  1651   652  2377  2201
D2523   1990  2044  1376  2202  1429  2638  1915  1881  2126  3094  1951
D2523   2000  2390  3088  2340  3191  3461  3562  3707  3342  3070  3555
D2523   2010 -9999
D3446   1966  2702   978  3006  1661
D3446   1970  2560  1842  3311  2675  3588   646  3877  4443  3509  4063
D3446   1980  3271  2668  3024  3985  5161  4012  3860  3990  5856  5301
D3446   1990  5563  4880  3592  3924  5351  3069  3547  3167  3538  2159
D3446   2000  2846  2926  2472  3385  2455  4099  4900  3618  2273  3265
D3446   2010 -9999
E2489   1982    16  1060  1608  1501  1811  1451  2734  2603
E2489   1990  2314  2097  1645  1902  2204  1906  1920  1479  2570  2448
E2489   2000  2571  2515  2087  2800  2653  2627  2727  2761  2849  2685
E2489   2010 -9999
E2496   1982  3376  3389  2144  2115  2163  2311  3334  2826
E2496   1990  2909  2685  2603  2066  4787  3175  2701  2114  3381  2230
E2496   2000  2712  2357  1577  2825  2275  2646  2394  2117  1852  2275
E2496   2010 -9999
E3490   1963   249   268   758   806   943  1288  1461
E3490   1970  1060  1096  1334  2017  1193   493   157    93   145    69
E3490   1980   108   400   663  1389  1404  1355  1767  2389  3665  3091
E3490   1990  3226  1526  1717  2707  3062  2616  2145  2298  2539  2126
E3490   2000  2146  2084  1282  2364  3070  3407  3045  2243  2378  2583
E3490   2010 -9999
E3493   1979  1525
E3493   1980   440   419   753   851   172   370   953   998  1823  1840
E3493   1990  1665  1476  1212  1554  1902   739  1568  2043  3267  2797
E3493   2000  2186  2157  2180  3602  4184  2758  4023  3641  3702  4438
E3493   2010 -9999
F2041   1979    63
F2041   1980  1666  1260  1355  1028  1004  1111  1341  1379  1963  1825
F2041   1990  2365  2083  1086  1273  1610  1292  1374  1304  1514  1243
F2041   2000  1794  1762  1635  2267  1725  1943  2034  1797  1995  2118
F2041   2010 -9999
G2449   1962   172   436   453   451   295   559   641   718
G2449   1970  1082   695   786   583   500   295   347   341   301   367
G2449   1980   513   735   390   178   710   349   348   676   910  1049
G2449   1990  1283  2126  2546  1531  2019  1751  2335  2043  2276  2069
G2449   2000  2336  2042  1378  2084  1945  2118  2246  1747  1729  1644
G2449   2010 -9999
A2527   1990  4352   898  1738  1631  2384  1580  1388  1007  1483  1265
A2527   2000  1305  1051   915  1252  1088  1519  1852  1621  1414  1720
A2527   2010 -9999
B2066   1966   390   801  1006   682
B2066   1970   906   608   642   749   512  1022   998  1020  1087   552
B2066   1980   775   854   624   952   767   594   731   890  1199   829
B2066   1990   917  1031  1638  1549  1256   822   800   530   742  1133
B2066   2000  1185   936   683  1265  1240  1767  2355  2195  2527  1995
B2066   2010 -9999
B3092   1998   276   394
B3092   2000   794   300   312   561   447   448   589   834  1080  2186
B3092   2010 -9999
C1504   1961   383   789   658   514   812  1060  1101   602   581
C1504   1970   995   747   723   475   704   798   710   706   621   714
C1504   1980   841  1096   817   940   824   901   878  1050  1069   851
C1504   1990   630   702   631   583   666   713   693   605   513   369
C1504   2000   356   448   267   289   265   212   157   142    94   155
C1504   2010 -9999
C3080   1977   351   645   895
C3080   1980   771  1065  1111  1365  1154   914   484  1025  1973  1886
C3080   1990  1924  2138  1872  1565  2263  2045  1949  2221  4239  3215
C3080   2000  2543  2027  1542  3099  2004  1867  1949  1346  1241  1169
C3080   2010 -9999
C3085   1989    23
C3085   1990   891   792   694   651   953   898  1139   944   945  1098
C3085   2000   879   936   675  1239  1329   953  1317  1227  1027  1309
C3085   2010 -9999
D2519   1981  1142  1123   654   553   486   487   689   486   407
D2519   1990   339   289   679   666  1046   724   764  1001  1810  1234
D2519   2000  1310  1409  1095  1820  1841  1904  1989  1884  1869  1957
D2519   2010 -9999
D2521   1981   759   690   926  1059  1049  1067  1229  1720  1513
D2521   1990  1420  1269  1076  1151  1310  1146  1109  1247  1901  1435
D2521   2000  1208  1416  1438  2134  1498  1684  1859  1315  1546  1664
D2521   2010 -9999
D3456   1978   266   450
D3456   1980   420   593   481   464   508   465   422   591   694   629
D3456   1990   652   586   455   407   869   503   513   476   808   847
D3456   2000   964  1288   977  1859  1701  2076  2337  2273  2162  2617
D3456   2010 -9999
D3457   1990   258   723   791   544  1033   984   927   829   883   983
D3457   2000  1293  1373   812  1740  1712  1752  1599  1960  1567  1691
D3457   2010 -9999
E1043   1992   772  1251   897  1057  1562  1898  1992  1075
E1043   2000  1376  1148   854  1716  4435  2586  2244  2586  3641  3342
E1043   2010 -9999
C3078   1984    57  1842  1275  1846  1589  1796
C3078   1990  2761  2472  2175  1748  2421  2014  1874  2151  2321  2410
C3078   2000  2069  2485  1690  2206  2270  1914  1764  1767  1696  1687
C3078   2010 -9999
