A2_526  1976  2783  3915  4507  4113
A2_526  1980  3265  3288  2920  2895  3603  2706  2669  2871  2871  4019
A2_526  1990  5242  3614  2498  3356  2583  4683  3962  4091  3020  4291
A2_526  2000  3291  3771  2744  1975  2564  2473  2895  2970  2756  2761
A2_526  2010  3608  2613 -9999
B1_510  1985   520  1756  1750  1746  1962
B1_510  1990  1656  2027  1309  1520  1636  1912  1506  1330  1586  2067
B1_510  2000  1319  1113   737   782  1162  1543  1057  1566  1375  1397
B1_510  2010  1062 -9999
C2_107  1977  1851  1352  1493
C2_107  1980  1509   929  1132  1036  1272  1199   688  1008  1154  1630
C2_107  1990  1549  1132  1364  1368  1304  2102  1473  1877  1478  1630
C2_107  2000  1607  1772  1305  1155  1507  1105  1229  1353  1237  1408
C2_107  2010  1791  1627 -9999
C2_160  1974    12  1170  1100  1054  1280  1725
C2_160  1980  1884  1848  1816  1536  1493  1178   939  1003  1566  2610
C2_160  1990  3068  1808  1826  2089  1514  3482  2971  2695  1755  2452
C2_160  2000  2345  2919  1814  2069  2445  1583  2092  2157  2030  1735
C2_160  2010  1862  1989 -9999
C3_084  1983   154   265   421   524   591   827  1440
C3_084  1990   765  1214   970  1296  1347  1817  1801  2450  1907  2784
C3_084  2000  2271  2271  2474  1864  2736  2089  2821  3387  2912  2800
C3_084  2010  3352  2323 -9999
D1_126  1964   734  1485  1586  1739  2814  2442
D1_126  1970  1019  1706  2246  1812  2211  2713  2429  2959  3333  3383
D1_126  1980  3598  3395  3529  3104  3639  3925  3416  3691  3132  4561
D1_126  1990  5205  2746  3005  3575  2666  4596  3742  3991  2590  3181
D1_126  2000  3134  3268  2819  2735  3659  2717  2420  3239  2843  2738
D1_126  2010  3151  2946 -9999
E3_513  1975   276   676   931   676   613
E3_513  1980   593   825   444   675   885   989   965   877  1013  1775
E3_513  1990  1643  1455  1759  1726  1348  3089  2374  3149  2645  2772
E3_513  2000  2750  3425  3063  2578  3488  2660  3380  4492  3548  3263
E3_513  2010  3598  3737 -9999
E3_515  1988  2408  2976
E3_515  1990  1309  1549  1183  1333  1229  1809  1670  2917  2177  2814
E3_515  2000  1735  1524  1884  1714  2434  1799  2433  3806  3468  2830
E3_515  2010  2849  2298 -9999
E3_498  1983   578   306   502   633   451   369   226
E3_498  1990   518   460   507   677   529  1224  1124  1199  1320  1757
E3_498  2000  1430  1620  1706  1397  2323  1817  3101  3564  3680  3899
E3_498  2010  3605  3923 -9999
G2_452  1978  1623  1264
G2_452  1980  2250  2537  2883  2270  2067  2126  2007  2141  2559  3339
G2_452  1990  2721  2251  1698  2058  1946  3301  2656  3385  3242  3603
G2_452  2000  3443  3363  3157  2769  3580  3194  3623  3811  3034  3736
G2_452  2010  4123  4994 -9999
G2_502  1982  4702  2841  2532  2142  1769  2245  2096  2581
G2_502  1990  3140  2727  1502  1739  1889  3746  1946  2611  2047  2648
G2_502  2000  1660  2521  2406  1853  2854  2394  3354  3804  2976  2650
G2_502  2010  2679  2345 -9999
C3_083  1994    17   598   923   623   559   701
C3_083  2000   845   554   681   739  1072   937   942  1071   836   899
C3_083  2010  1123  1247 -9999
D1_129  1992   191   379   626  1414  1672  1785  1459  1903
D1_129  2000  1355  1672  1397  1839  2367  2070  3555  3531  2855  2579
D1_129  2010  2601  2814 -9999
D1_130  1991   107  1078   863   984  1303  1002  1158   762  1218
D1_130  2000  1319  1417  1279   972  1734  1606  2207  2228  1386  1397
D1_130  2010  2044  2607 -9999
F3_497  1998  1362  2100
F3_497  2000  1032  1230  1192   914  1312   930  1291  1454  1370  1729
F3_497  2010  1664  1817 -9999
F3_499  1983   256   207   250   385   213   208   341
F3_499  1990   719   210   317  2208   277  1024  1658  2307  2346   381
F3_499  2000   906  1829  1981  1097  1856  1585  2264  2200  2029  2265
F3_499  2010  2035  2055 -9999
G2_448  1998  1936  1952
G2_448  2000  1332  2230  1267  1139  2118  1720  1499  1659  1583  2313
G2_448  2010  1767  2008 -9999
G2_450  1991   598   927   685   238  1105   828  1099  1023  1440
G2_450  2000  1186  1693  1423  1110  1697  1297  2120  2249  1746  1994
G2_450  2010  2256  2434 -9999
G2_501  1982   108   323   414   825   804  1010  1073  1004
G2_501  1990   894  1304  1289  1015   295   674   754   713   753  1380
G2_501  2000  1047  1429  1568  1084  2221  1987  2169  2800  2141  1873
G2_501  2010  2400  2627 -9999
G3_156  1983    94   834   630   803   553   723   651
G3_156  1990   768   736  1038  1258   839  1055   764   518   774  1032
G3_156  2000  1074  1209  1097   484  1020   879  1141  1522  1277  1212
G3_156  2010  1263   908 -9999
G3_157  1991    98    82   128   181   137   592  1056   846  1012
G3_157  2000   420   867   671   421   755   528  1113  1769  1428  1492
G3_157  2010  1829   862 -9999
