A3_029  1985    10  1381  1543  1944  2193
A3_029  1990  2312  2741  2241  2454  2587  3427  2872  2807  2798  3783
A3_029  2000  3322  3281  3676  2398  3753  3475  3370  3729  2815  2761
A3_029  2010  3339  2472 -9999
B1_503  1929   189
B1_503  1930   687   745   742  1013  1066  1519   875   784  1645  1933
B1_503  1940  2260  1657  2770  1358  1406  2202  2091  1671  2249  2161
B1_503  1950  2601  2570  2006  2120  2873  2238  2445  2414  3249  3537
B1_503  1960  3084  3087  4000  2594  3121  2899  2333  2415  2699  2260
B1_503  1970  2602  1521  1121   559  1018   792  1760  2647  3454  3695
B1_503  1980  3106  3466  3995  2309  2810  2475  1888  2052  2304  3183
B1_503  1990  2409  2498  2251  1721  1804  2381  2128  2173  2061  2526
B1_503  2000  2226  2102  1915  1491  2180  2070  2323  2409  1956  1896
B1_503  2010  2309  1909 -9999
B1_511  1983   219  1337   688  1389  1649  2054  2652
B1_511  1990  2224  2899  2621  2989  2245  3124  2348  2550  2293  3842
B1_511  2000  3292  3118  3291  2603  3536  3102  4222  4677  3244  4063
B1_511  2010  5008  3432 -9999
B1_512  1983    68  1054   492   604   433   979  1971
B1_512  1990  1998  2500  2053  1799  1349  2645  2322  1640   891  2042
B1_512  2000  2247  3099  3492  2562  3855  3662  4858  4999  3622  3449
B1_512  2010  4660  5935 -9999
B2_508  1957   297   412   432
B2_508  1960   362   388   386   596  1263   867  1164   958   760  1025
B2_508  1970   634   907   614   603  1258   740   889  1100   984   846
B2_508  1980   889   751   942   772   963   997   804   963   846  1851
B2_508  1990  2551  2022  1142  2270  2119  2272  1850  2314  1727  2733
B2_508  2000  2522  3185  3036  2149  2912  2350  2219  2935  2373  2521
B2_508  2010  2783  2085 -9999
B2_509  1958   492  4313
B2_509  1960  3617  1966  2270  2128  1917  2803  1457  2314  1230  1065
B2_509  1970   735   665   495   292   206   136   333   681   510   982
B2_509  1980   821   831  1041   604  1255  1432  1550  1531  1663  2622
B2_509  1990  1941  2906  2007  1555  1586  2687  2228  2611  2071  2848
B2_509  2000  2032  2971  2441  1650  2354  2120  2876  2880  1991  1398
B2_509  2010  2032  1650 -9999
C2_111  1970   329   734   704   919   708   645  1137  1025   552   671
C2_111  1980   667  1016  1310  1355  1750  1782  1957  2168  2498  3563
C2_111  1990  2975  3259  3252  2861  2671  3959  3538  3597  3217  3831
C2_111  2000  3155  2792  2917  2072  2619  2408  2476  2476  2295  2202
C2_111  2010  2736  2441 -9999
C3_077  1984   291  1346   974  1131  1866  2382
C3_077  1990  2531  2249  2413  2032  2199  3848  3217  3095  2883  3658
C3_077  2000  2706  3444  3620  2583  3755  3516  4444  4483  3090  2225
C3_077  2010  2825  2209 -9999
C3_081  1989    14
C3_081  1990  3200  3026  2042  2101  1959  3498  2270  2757  2134  3032
C3_081  2000  2591  3216  2938  1859  2394  2137  2591  2613  2020  2243
C3_081  2010  2558  2307 -9999
D1_127  1974    60  3037  1853  2319  2454  3106
D1_127  1980  2943  2413  2592  2294  2968  2916  2795  2767  2698  3404
D1_127  1990  3192  2972  2379  2025  1970  3090  1863  2343  2009  2674
D1_127  2000  1703  1847  2277  1956  2628  1023   832   600   728   396
D1_127  2010   780   529 -9999
D1_128  1985   124  1056  1369  1603  1441
D1_128  1990   972   925   660   826   751  1236  1174  1795   971  1930
D1_128  2000  1378  2068  2342  1752  2199  2688  3174  2878  2454  2688
D1_128  2010  4169  3237 -9999
D2_522  1993   294  1028  1996  1880  1823  1648  3094
D2_522  2000  1823  2063  2378  1320  2433  2580  3136  3359  2310  2110
D2_522  2010  4124  3270 -9999
D2_523  1987  1651   652  2377
D2_523  1990  2201  2044  1376  2202  1429  2638  1915  1881  2126  3094
D2_523  2000  1951  2390  3088  2340  3191  3461  3562  3707  3342  3070
D2_523  2010  3555  3242 -9999
D3_446  1967  2702   978  3006
D3_446  1970  1661  2560  1842  3311  2675  3588   646  3877  4443  3509
D3_446  1980  4063  3271  2668  3024  3985  5161  4012  3860  3990  5856
D3_446  1990  5301  5563  4880  3592  3924  5351  3069  3547  3167  3538
D3_446  2000  2159  2846  2926  2472  3385  2455  4099  4900  3618  2273
D3_446  2010  3265  3364 -9999
E2_489  1983    16  1060  1608  1501  1811  1451  2734
E2_489  1990  2603  2314  2097  1645  1902  2204  1906  1920  1479  2570
E2_489  2000  2448  2571  2515  2087  2800  2653  2627  2727  2761  2849
E2_489  2010  2685  2360 -9999
E2_496  1983  3376  3389  2144  2115  2163  2311  3334
E2_496  1990  2826  2909  2685  2603  2066  4787  3175  2701  2114  3381
E2_496  2000  2230  2712  2357  1577  2825  2275  2646  2394  2117  1852
E2_496  2010  2275  2225 -9999
E3_490  1964   249   268   758   806   943  1288
E3_490  1970  1461  1060  1096  1334  2017  1193   493   157    93   145
E3_490  1980    69   108   400   663  1389  1404  1355  1767  2389  3665
E3_490  1990  3091  3226  1526  1717  2707  3062  2616  2145  2298  2539
E3_490  2000  2126  2146  2084  1282  2364  3070  3407  3045  2243  2378
E3_490  2010  2583  2344 -9999
E3_493  1980  1525   440   419   753   851   172   370   953   998  1823
E3_493  1990  1840  1665  1476  1212  1554  1902   739  1568  2043  3267
E3_493  2000  2797  2186  2157  2180  3602  4184  2758  4023  3641  3702
E3_493  2010  4438  3927 -9999
F2_041  1980    63  1666  1260  1355  1028  1004  1111  1341  1379  1963
F2_041  1990  1825  2365  2083  1086  1273  1610  1292  1374  1304  1514
F2_041  2000  1243  1794  1762  1635  2267  1725  1943  2034  1797  1995
F2_041  2010  2118  1810 -9999
G2_449  1963   172   436   453   451   295   559   641
G2_449  1970   718  1082   695   786   583   500   295   347   341   301
G2_449  1980   367   513   735   390   178   710   349   348   676   910
G2_449  1990  1049  1283  2126  2546  1531  2019  1751  2335  2043  2276
G2_449  2000  2069  2336  2042  1378  2084  1945  2118  2246  1747  1729
G2_449  2010  1644  1573 -9999
A2_527  1991  4352   898  1738  1631  2384  1580  1388  1007  1483
A2_527  2000  1265  1305  1051   915  1252  1088  1519  1852  1621  1414
A2_527  2010  1720  1582 -9999
B2_066  1967   390   801  1006
B2_066  1970   682   906   608   642   749   512  1022   998  1020  1087
B2_066  1980   552   775   854   624   952   767   594   731   890  1199
B2_066  1990   829   917  1031  1638  1549  1256   822   800   530   742
B2_066  2000  1133  1185   936   683  1265  1240  1767  2355  2195  2527
B2_066  2010  1995  1810 -9999
B3_092  1999   276
B3_092  2000   394   794   300   312   561   447   448   589   834  1080
B3_092  2010  2186  1150 -9999
C1_504  1962   383   789   658   514   812  1060  1101   602
C1_504  1970   581   995   747   723   475   704   798   710   706   621
C1_504  1980   714   841  1096   817   940   824   901   878  1050  1069
C1_504  1990   851   630   702   631   583   666   713   693   605   513
C1_504  2000   369   356   448   267   289   265   212   157   142    94
C1_504  2010   155    94 -9999
C3_080  1978   351   645
C3_080  1980   895   771  1065  1111  1365  1154   914   484  1025  1973
C3_080  1990  1886  1924  2138  1872  1565  2263  2045  1949  2221  4239
C3_080  2000  3215  2543  2027  1542  3099  2004  1867  1949  1346  1241
C3_080  2010  1169   799 -9999
C3_085  1990    23   891   792   694   651   953   898  1139   944   945
C3_085  2000  1098   879   936   675  1239  1329   953  1317  1227  1027
C3_085  2010  1309  1118 -9999
D2_519  1982  1142  1123   654   553   486   487   689   486
D2_519  1990   407   339   289   679   666  1046   724   764  1001  1810
D2_519  2000  1234  1310  1409  1095  1820  1841  1904  1989  1884  1869
D2_519  2010  1957  1996 -9999
D2_521  1982   759   690   926  1059  1049  1067  1229  1720
D2_521  1990  1513  1420  1269  1076  1151  1310  1146  1109  1247  1901
D2_521  2000  1435  1208  1416  1438  2134  1498  1684  1859  1315  1546
D2_521  2010  1664  1399 -9999
D3_456  1979   266
D3_456  1980   450   420   593   481   464   508   465   422   591   694
D3_456  1990   629   652   586   455   407   869   503   513   476   808
D3_456  2000   847   964  1288   977  1859  1701  2076  2337  2273  2162
D3_456  2010  2617  2331 -9999
D3_457  1991   258   723   791   544  1033   984   927   829   883
D3_457  2000   983  1293  1373   812  1740  1712  1752  1599  1960  1567
D3_457  2010  1691  1092 -9999
E1_043  1993   772  1251   897  1057  1562  1898  1992
E1_043  2000  1075  1376  1148   854  1716  4435  2586  2244  2586  3641
E1_043  2010  3342  2511 -9999
C3_078  1985    57  1842  1275  1846  1589
C3_078  1990  1796  2761  2472  2175  1748  2421  2014  1874  2151  2321
C3_078  2000  2410  2069  2485  1690  2206  2270  1914  1764  1767  1696
C3_078  2010  1687  2368 -9999
