C2_050  1929   970
C2_050  1930   969  1236   908   909   981  1108  1005  1391  1346  1259
C2_050  1940  1369  1616   989   976  1119  1000  1092   979   905   925
C2_050  1950   882   509   391   600   706   867   451   440   650   734
C2_050  1960   608  1128  1393  1081  1061   810  1089  1087  1189   785
C2_050  1970  1794  1882  1564  1756  1626  1365  1387  1564  1502  1715
C2_050  1980  2039  1976  1387  1589  1030   942   926  1250  2560  3050
C2_050  1990  2848  1973  1244   943  1367  1261  1317  1248  2115  1904
C2_050  2000  1456  1361  1045  1774  1543  1587  1700  1076  1074  1042
C2_050  2010  1012   198 -9999
C2_051  1935  1696  2430  1784  2251  2204
C2_051  1940  1940  3030  1772  1772  2342  2359  1377  1642  2167  2726
C2_051  1950  1633  1582   468   863  1483  1398  1689  1663  1791  1332
C2_051  1960  1247  1289  1185  1216   576   335   227   389   305   224
C2_051  1970   372   372   372   520   712   630   638   939  1078   780
C2_051  1980   719   466   492   396   737   695   686   800   839  1290
C2_051  1990  1232  1176   928   466   686   299   333   163   214   327
C2_051  2000   323   288   211   236   184   120   181    85   134    74
C2_051  2010   101   186 -9999
C3_098  1918   324   719
C3_098  1920   699   998   820   820   715   665   964   659   639   966
C3_098  1930   981  1024  1251  1077  1149  1655  1801  1573  2362  2368
C3_098  1940  2552  2482  2421  2634  2020  1547  1266  1103  1213  1597
C3_098  1950  1577  1338   655  1171   707   413   454   519   443   191
C3_098  1960   126   209   200   136   137   138   138   159   253   359
C3_098  1970   657   462   755  1192   903  1050  1228  1325  1223  1023
C3_098  1980  1023  1138  1304  1523  1847  1473  1573  1377  3013  3091
C3_098  1990  2381  1852  1558  1327  1811  1664  1821  2019  3067  2058
C3_098  2000  1767  1530  1470  1754  1610  1435  1735  2034  1627  1740
C3_098  2010  1758   208 -9999
C3_112  1918   253   569
C3_112  1920   422   612   527   649   572   715   852   620   688   948
C3_112  1930   969  1053  1169   988  1158  1560  1770  1587  2314  2432
C3_112  1940  2401  2385  2643  2674  2074  1545  1266  1065  1303  1674
C3_112  1950  1498  1295   611  1054   618   403   464   644   390   281
C3_112  1960    93   190   165   162   164   131   113   154   311   300
C3_112  1970   650   640   614  1262   741   938  1131  1306  1035  1061
C3_112  1980   943  1064  1355  1555  1968  1397  1523  1376  3091  3048
C3_112  1990  2435  2015  1653  1301  1725  1743  1799  1952  2934  2039
C3_112  2000  1609  1501  1439  1578  1525  1463  1671  1823  1528  1764
C3_112  2010  1853    94 -9999
D2_040  1972    15  1048  1062  1308  1375  1456  1234  1791
D2_040  1980  1845  1321  1269  3267  3685  3647  1644  2377  2567  2888
D2_040  1990  3222  2785  2683  1496  1110   629   459   595   913   980
D2_040  2000   901   769  1008  1202   780  1009  1178  1607  1861  2594
D2_040  2010  2450  1932 -9999
D2_142  1930   686  1883  1451  1490  2412  2210  2266  1796  2134  2671
D2_142  1940  2306  2214  1583  1630  1459   803   952   759   590   408
D2_142  1950   141   218    65   181   461   622   888  1010   635   738
D2_142  1960   319   571   506   462   483   464   653   904  1051  1056
D2_142  1970  1431  1955   755   836   665   976  1719  1641  1680  1938
D2_142  1980  2709  2382  2078  2611  2477  2042  1709  2206  2582  2945
D2_142  1990  2213  2024  1684  1465  1371  1665  1229  1789  2734  2161
D2_142  2000  2185  2315  1698  2467  2003  2019  1519  1262  1302  1464
D2_142  2010  1363 -9999
D3_120  1930  1522  1488  1298  1686  1270  1459  1523  1690  2100  2590
D3_120  1940  2016  2101  1642  1958  1785  2036  1782  1480  1371   722
D3_120  1950  1083  1237   614  1148  1350  1316  1156  1073  1523  1332
D3_120  1960  1672  1802  1145  1339  1012  1259  1412  1564  1182   801
D3_120  1970  1704  1740  1069  1607  1479  2178  1885  1587  1453  1664
D3_120  1980  1525  1189   928  1087  1338  1116  1157  1056  1266  1215
D3_120  1990  1185  1200   982   924  1143   920  1264  1150  1715  1656
D3_120  2000  1735  1672  1191  1007   589   511   738  1077   928  1231
D3_120  2010  1140    97 -9999
