C2_009  1940   988  1326   727   787   590   581   608   593   595   539
C2_009  1950   775   675   424   551   550   847   642   764   826   647
C2_009  1960   781   515   689   867   756   709   742   714   522   596
C2_009  1970   538   312   380   642   526   604   584   591   757   673
C2_009  1980   633   856   623   705   521   494   474   736   699   731
C2_009  1990   833   749   668   538   860   622   743   731   946   907
C2_009  2000  1270   870   495   594   491   562   599   623   603   579
C2_009  2010   384    81 -9999
C2_010  1942   642  1919  1708  1660  1466  1587  1380  1076
C2_010  1950  1099  1219   803  1312  1385  1584  1101  1460  1202  1076
C2_010  1960   969  1100  1143  1247   930   821  1208  1202   928   991
C2_010  1970   962   860   651  1012   751   837   880   906   950   864
C2_010  1980   633   864   652   761   720   591   465   740   694   358
C2_010  1990   732   454   450   529   762   716   927   757   736   652
C2_010  2000  1011   653   505   631   720   899   888 -9999
C2_011  1758  1041  1237
C2_011  1760   714   592   462   299    91   133   184   118   182    42
C2_011  1770    96    93   100   182    80    73   111   100   118   132
C2_011  1780   107    59   155   153   177   224   325   303   437   578
C2_011  1790   130   299   240   310   245   346   351   248   402   337
C2_011  1800   186   327   238   207    86   115   164   136   268   365
C2_011  1810   365   329   573   456   444   362   560   424   530   420
C2_011  1820   390   381   323   322   398   176   575   362  1508   881
C2_011  1830   827   981   527   326   328   350   147   167    51   180
C2_011  1840   134   150   247   282   183   274   238   281   338    95
C2_011  1850   358   385   453   371   352   477   367   310   363   459
C2_011  1860   317   432   535   853   406   777   612   264   330   417
C2_011  1870   436   372   363   396   354   274   210   161   287   103
C2_011  1880   168   285   389   325   283   392   572   319   443   371
C2_011  1890   402   227   355   449   367   345   510   333   423   239
C2_011  1900   296   419   209   230   425   493   629   497   763   622
C2_011  1910   545   365   396   663   636   327   628   730   808   802
C2_011  1920   565   543   679   811   665   733   395   414   444   556
C2_011  1930   544   652   538   900   770  1072  1080   738   866   792
C2_011  1940   664  1022   694   862  1192  1326   971   906  1126  1226
C2_011  1950  1334  1163   572   962  1136  1143   684   864  1120  1237
C2_011  1960   893  1443  1013  1036  1398  1067  1029  1415  1075   874
C2_011  1970  1852   675   442   990   867  1120   960  1260  1339  1526
C2_011  1980  1536  1030  1559  1624  2213  1507  1345  1832  1806  1746
C2_011  1990  1068  1003   919   710  1435  1447  1714  1242  1377  1239
C2_011  2000  1586  1266  1130  1376   751   695   729   591   456   658
C2_011  2010   497   139 -9999
A2_022  1898   668   537
A2_022  1900   476   451   345   456   363   432   374   541   601   346
A2_022  1910   537   291   272   343   307   230   273   356   298   443
A2_022  1920   232   270   344   349   359   448   310   330   279   251
A2_022  1930   289   426   409   487   353   532   669   548   786   859
A2_022  1940  1027  1857  1772  2358  2452  2301  2419  2052  1609  1397
A2_022  1950  1714  1438   745  1435  1587  1814  1572  1806  1602  1538
A2_022  1960  1453   818  1161  1500  1329  1640  1692  1343  1368  1658
A2_022  1970  1762  1328   639  1658  1159  1211  1617  1589  2074  1308
A2_022  1980  1310  1220  1129  1777  1283   750   660  1176  1540  1555
A2_022  1990  1526   930   952   938  1672  1321  1499   772  1180  1170
A2_022  2000  1516  1155   844   989  1052  1271  1282  1222   933  1355
A2_022  2010  1205   644 -9999
A2_029  1952   678   502   647   677   856   526   425   523
A2_029  1960   389   437   259   338   297   216   330   143   177   177
A2_029  1970   193   242   177   220   193   325   252   218   255   331
A2_029  1980   328   316   379   258   309   303   245   510   602   682
A2_029  1990   669   686   741   593   926   423   529   421   491   421
A2_029  2000   580   433   229   418   373   438   592   440   332   525
A2_029  2010   374   110 -9999
A2_033  1937   268   180   137
A2_033  1940   100   160   381   613   649   649   655   681   417   333
A2_033  1950   402   380   169   339   423   529   465   381   402   466
A2_033  1960   423   226   322   507   507   592   528   422   274   316
A2_033  1970   317   338   317   592   422   380   421   476   525   510
A2_033  1980   409   652   599   600   727   522   461   568   613   656
A2_033  1990   762   487   613   507   888   508   487   423   559   603
A2_033  2000   783   696   550   529   548   655   910   741   529   762
A2_033  2010   635   474 -9999
A2_034  1935  1078  1163   952  1179  1233
A2_034  1940  1143  1758  1733  1756  1777  1478  1375  1333  1396   938
A2_034  1950  1178   931   466   909   782   782   569   727   711   655
A2_034  1960   846   676   528   995   995   777   873   825   487   402
A2_034  1970   698   550   402   698   613   548   544   607   777   634
A2_034  1980   592   718   634   612   759   485   380   484   631   421
A2_034  1990   484   316   423   371   729   424   693   431   568   569
A2_034  2000   753   854   588   546   281   647   737   694   531   757
A2_034  2010   663   314 -9999
A2_035  1973  1915  2404  2482  3198  4725  5023  4175
A2_035  1980  5028  4007  3677  3496  2580  1964  1832  2440  3386  3365
A2_035  1990  2815  2116  2307  1672  2412  2053  2792  2200  2720  2626
A2_035  2000  3598  2246  1275  1637  1529  2049  2427  1803  1546  2091
A2_035  2010  1569   508 -9999
A2_036  1898   608   607
A2_036  1900   468   464   330   485   388   412   403   541   565   386
A2_036  1910   459   321   251   327   331   231   267   340   304   446
A2_036  1920   224   284   348   349   349   448   303   379   286   268
A2_036  1930   288   428   393   497   356   554   636   559   771   841
A2_036  1940  1013  1642  1836  2411  2461  2278  2467  2096  1610  1386
A2_036  1950  1714  1376   815  1417  1587  1829  1592  1865  1548  1612
A2_036  1960  1456   811  1144  1507  1343  1663  1696  1317  1369  1678
A2_036  1970  1791  1324   665  1688  1080  1290  1585  1572  2073  1291
A2_036  1980  1287  1242  1129  1774  1291   778   617  1166  1585  1526
A2_036  1990  1527   904   949   938  1672  1301  1519   780  1190  1186
A2_036  2000  1532  1162   862   990  1057  1264  1292  1217   933  1316
A2_036  2010  1163   746 -9999
A3_058  1919   496
A3_058  1920   555   440   245   230   370   198   172   257   123    67
A3_058  1930   162   143   212   207   186   178   382   429   489   398
A3_058  1940   402   698  1260   849   788   856  1055  1209  1207  1210
A3_058  1950   768  1258  1376   906  1141  1206   773  1096   844   962
A3_058  1960   691   590   732  1007   685   524   466   474   792   572
A3_058  1970   489   610   407   756   635   647   689   666   535   692
A3_058  1980   990   803   769   877  1038   810   658   991  1163  1239
A3_058  1990  1071   909   926  1034  1605  1067  1221   933  1290  1179
A3_058  2000  1297   869   626   682   592   763   909  1098   948   952
A3_058  2010  1069   351 -9999
A3_061  1906   325   332   355   634
A3_061  1910   674   506   527   317   423   422   212   190   169   127
A3_061  1920   128    91   109   126    89   114    96   193    70    71
A3_061  1930   770   710   536   373   480   395   459   271   605   764
A3_061  1940   829  1282   585   745  1057   930  1102  1058  1037   909
A3_061  1950   846   483   422   358   411   606   521   313   272   417
A3_061  1960   271   333   630   861   587   389   268   520   399   757
A3_061  1970   695   906   841  1348   815   928  1327  1682  1842  1621
A3_061  1980  1781  1515  1241  1119  1163   867   740  1037  1036  1119
A3_061  1990   897   736   883   843  1475  1030  1257  1109  1295  1297
A3_061  2000  1568  1411   907  1221   926  1012  1327  1116   921  1038
A3_061  2010   902   334 -9999
A3_062  1898   356   597
A3_062  1900   336   358   377   341   524   267   187   425   419   320
A3_062  1910   263   311   309   360   491   373   269   325   346   503
A3_062  1920   254   192   355   500   506   376   279   169   106    89
A3_062  1930   158   113   195   229   198   264   434   412   574   585
A3_062  1940   441   541   309   513   668   577   788   667   772   814
A3_062  1950   896   807   408   989   657   588   494   625   495   765
A3_062  1960   629   536   471   671   584   569   500   957  1237   793
A3_062  1970  1136  1340   740  1279   954   880  1012  1111  1132   899
A3_062  1980  1041  1030  1130  1097  1104   749   663   824  1491  1412
A3_062  1990  1049   825   952   775  1193   766  1141   912  1212  1004
A3_062  2000  1342   964   543   711   752   951  1068   774   603   866
A3_062  2010  1091   123 -9999
A3_102  1867   130   107    86
A3_102  1870   155    98   316   551   675   773   854   664    84   104
A3_102  1880   149   165    89    53    98    90   111   216   381   232
A3_102  1890   230   143   163   158   141   276   165   123   224   128
A3_102  1900   136   102   102   182   239   406   381   508   423   275
A3_102  1910   249   229   229   250   355   334   228   311   611   582
A3_102  1920   317   317   423   423   275   317   211   232   295   168
A3_102  1930   252   274   379   380   253   219   236   184    93    99
A3_102  1940    87   268   164   144   103   113   197   250   358   570
A3_102  1950   528   679   486   695   652   755   627   438   333   584
A3_102  1960   377   397   545   698   595   452   245   388   323   349
A3_102  1970   474   784   744  1017   658   736   914  1015  1198  1059
A3_102  1980  1147   813   828   689   777   411   431   695   653   885
A3_102  1990   654   423   541   833  1058   782   950   550   614   571
A3_102  2000   719   550   296   421   274   400   378   338   275   360
A3_102  2010   346   109 -9999
A3_103  1924   981   933   396   484   572   443
A3_103  1930   539   602   501   809   669   356   498   268   396   651
A3_103  1940   822  1258   925  1011  1028   941   997   738   794   751
A3_103  1950   633   585   508   571   825   868   846   697   622   964
A3_103  1960   769   587   572   983   665   695   420   723   817   436
A3_103  1970   700   883   509   931   829   770   741   800   762   785
A3_103  1980   985   860   830   909   840   735   541   780   803   754
A3_103  1990   674   537   651   606   833   565   665   542   624   560
A3_103  2000   850   622   437   543   430   541   738   772   566   835
A3_103  2010   685   158 -9999
A3_104  1985  1528  1704  1600  2208  1415
A3_104  1990  1685  1693  1526  1002  2933  2170  2802  2602  3173  3167
A3_104  2000  2684  2026  1457  1562  1408  1527  2191  1937  1641  2586
A3_104  2010  2524  1068 -9999
B1_087  1940   552  1063   787   404   506   359   423   507   549   338
B1_087  1950   338   319   125   254   400   611   237   337   360   320
B1_087  1960   501   520   499   489  1176   895   900  1172  1076   659
B1_087  1970   655   724   620   876   998  1028  1346  1458  1538  1353
B1_087  1980  1405  1074  1043  1064  1131  1267  1234  1540  2118  1850
B1_087  1990  1770  1120  1097   997  1659  1065  1172  1058  1231  1193
B1_087  2000  1644  1118   843  1208   951  1200  1298  1250  1034  1551
B1_087  2010  1162   144 -9999
B2_015  1894   705   979   887   771   520   488
B2_015  1900   456   379   398   557   615   906  1371  1915  1572  1670
B2_015  1910  1512  1432  1311  1202  1045   918  1154   879  1111  1513
B2_015  1920  1660  2042  2313  2906  1837  1639  2057  1028  1484  1170
B2_015  1930   721   555  1389   716   792  1050  1114   596  1605  1611
B2_015  1940  1382  1527  1048  1194  1424  1443  1124  1003  1300  1334
B2_015  1950  1310  1283   707  1098  1161  1220  1016  1189  1074  1557
B2_015  1960  1142  1018   923  1375  1427  1168  1156  1158   816   708
B2_015  1970  1020  1210   795  1029  1043  1064   869   882  1149   912
B2_015  1980   873   944   710   648   800   697   595   577   829   853
B2_015  1990   771   482   456   318   613   557   587   532   752   479
B2_015  2000   926   800   612   697   483   489   599   521   400   357
B2_015  2010   333   230 -9999
B2_016  1962    65   272   460   531   351   289   705  1099
B2_016  1970   934   666   889  1940  1160  1740   770   611   492   634
B2_016  1980   802   796  1003  1501  1474  1585  1612  1963  2463  2723
B2_016  1990  2516  2151  2022  2136  2760  1555  1747  1384  1743  2322
B2_016  2000  2791  1942  1020  1747  1229  1471  1700  1488  1292  1746
B2_016  2010  1367   532 -9999
B2_020  1851   296   339   163   286   182   215   230   273   325
B2_020  1860   354   219   209   175   274   241   301   385   371   246
B2_020  1870   376   317   376   316   680   792   447   580   432   527
B2_020  1880   730   672   467   839   529   352   354   436   550   319
B2_020  1890   396   464   610   716   559   653   302   411   353   543
B2_020  1900   336   555   381   175   381   378   504   855   706  1216
B2_020  1910   472   713   649   608   504   443   654   529   591   485
B2_020  1920   591   591   338   466   550   381   432   457   762   507
B2_020  1930   401   296   380   465   296   372   391   330   599   715
B2_020  1940   443   643   418   440   353   389   386   364   607   509
B2_020  1950   456   431   248   416   446   518   395   282   334   343
B2_020  1960   296   275   254   423   275   296   211   316   295   316
B2_020  1970   405   269   168   420   333   499   457   396   517   413
B2_020  1980   248   289   330   230   295   211   148   293   330   249
B2_020  1990   248   284   222   241   280   277   258   219   259   200
B2_020  2000   280   300   322   218   246   263   225   121   190   151
B2_020  2010   175   114 -9999
B2_043  1925   129   666   345   312   415
B2_043  1930   458   795   519   350   195   276   364   296   447   423
B2_043  1940   328   798   526   563   723   460   398   287   411   279
B2_043  1950   259   207   195   188   198   256   202   196   236   541
B2_043  1960   505   447   431   588   554   484   619   444   387   331
B2_043  1970   366   274   306   410   771   874   931   830   755   729
B2_043  1980   647   512   521   584   480   563   470   696  1182  1256
B2_043  1990  1074   870   859   648  1021   958  1120   890  1404  1053
B2_043  2000  1198  1057   704   599   600   726  1042   900   608   958
B2_043  2010   785   138 -9999
B2_045  1945   621  2199  2823  2505  2385
B2_045  1950  1884  1149  1008  1006  1447  1204   701  1004   821   804
B2_045  1960   837   804   747   776   658   580   572   443   332   359
B2_045  1970   406   294   197   428   407   583   572   509   664   678
B2_045  1980   727   625   621   519   712   847   558   693   735   801
B2_045  1990   591   408   591   481   813   653   729   570  1007   823
B2_045  2000  1079   836   704   725   605   614  1052   872  1048   927
B2_045  2010   844   103 -9999
C1_126  1956    38  1528  1609  1439
C1_126  1960  1607  1634  2708  1675  1990  1957  1955  1208  1120  1438
C1_126  1970  1175   823  1331  1376  1355  1566  1691  1930  1678  1363
C1_126  1980  1290  1124  1352  1176   960   656  1057  1021   844   816
C1_126  1990   640   583   338    19   936   675  1175  1060   936   668
C1_126  2000   732   528   590   435   318   446   563   483   211   451
C1_126  2010   391    49 -9999
C1_149  1937   550   529   775
C1_149  1940   578   972  1028  1078   889   846   698   754   675   697
C1_149  1950   634   519   367   529   419   505   391   464   521   546
C1_149  1960   527   465   380   443   381   317   339   453   299   262
C1_149  1970   444   317   275   527   529   656   593   529   510   476
C1_149  1980   465   592   401   380   634   529   486   729   727   634
C1_149  1990   677   423   444   275   444   423   560   620   740   676
C1_149  2000   718   698   465   444   296   473   690   466   275   381
C1_149  2010   403 -9999
C1_151  1948  1834  1536
C1_151  1950  1130   899   528   666   530   762   592   636   878  1014
C1_151  1960  1603  1012  1136  1307  1307  1312  1364  1034   635   593
C1_151  1970   762   698   656  1141  1176  1298  1934  1863  1660  1702
C1_151  1980  1459  1465  1284  1600  1537  1240   924  1147  1014   825
C1_151  1990   883   664   723   516   868   576   926   609   738   642
C1_151  2000  1023   782   694   622   485   593   592   521   358   507
C1_151  2010   381   150 -9999
C1_152  1763   690   771   801  1050   974   617   602
C1_152  1770   373   491   486   345   481   560   509   434   427   277
C1_152  1780   228   249   179   215   242   559   511   600   475   595
C1_152  1790   453   651   391   473   221   141    96   169   184   178
C1_152  1800   142   171   259   164   233   247   217   233   233   190
C1_152  1810   212   201   303   172   233   254   232   215   177   168
C1_152  1820   178   186   188   174   122   188   138   121    46   138
C1_152  1830   146    95   116   143   136   147    82    98   169   136
C1_152  1840   107   123   107   115   182    76    93   114    91   101
C1_152  1850    79   100    64    64    80    53    94    78   104    56
C1_152  1860    78    80    83   111    87   104   161    87   109   148
C1_152  1870   141   191   224   230   247   226   105   113   107   113
C1_152  1880   100   115   154   209   100   127   128   226   138   265
C1_152  1890   185   205   139   157   213   137    66   172   100   109
C1_152  1900    88    75    87   119   134   145   171   108   117   157
C1_152  1910   111    76   124    93   113   150   162    99   177   122
C1_152  1920   145   166   145   174   181    93   129   107   141   142
C1_152  1930    99   141   225   154   276   273   305   305   358   337
C1_152  1940   379   294   209   251   420   422   462   523   622   540
C1_152  1950   619   632   423   581   521   492   297   394   245   277
C1_152  1960   298   164   249   269   253   247   230   335   180   262
C1_152  1970   288   276   132   328   320   324   371   382   441   419
C1_152  1980   308   494   489   496   607   504   439   758   795   694
C1_152  1990   613   541   572   424   832   487   834   502   506   429
C1_152  2000   666   429   383   379   282   315   469   456   241   314
C1_152  2010   365    49 -9999
C1_153  1856   233   367   442   300
C1_153  1860   436   495   408   303   342   303   223   281   223   181
C1_153  1870   363   290   459   218   168   299   225   167   159   308
C1_153  1880   252   269   346   136   150    99   187   148   196   184
C1_153  1890   112    71   112   101   119   185   289   280   360   296
C1_153  1900   275   423   402   518   638   867  1196   885  1113   826
C1_153  1910   740   693   661   709   651   561   540   756   665   920
C1_153  1920   693   635  1005   915   639   744   782   698   465   803
C1_153  1930   654   654   634   549   274   591   527   442   442   513
C1_153  1940   534   753   522   584   563   563   481   440   461   461
C1_153  1950   649   563   376   660   548   501   376   553   469   657
C1_153  1960   518   419   429   678   584   662   476   579   434   409
C1_153  1970   672   514   330   889   706   623   582   605   689   563
C1_153  1980   438   605   374   291   395   372   372   582   686   769
C1_153  1990   810   765   508   470   914   792   876   736   654   736
C1_153  2000  1006   605   514   567   511   582   666   631   361   624
C1_153  2010   594 -9999
C1_154  1797   159   211   134
C1_154  1800    89    87   102   101    66   114    72   112    87   118
C1_154  1810   160   197   236    99   107   142   137   137   114    84
C1_154  1820    96    41    51    62    83   101    62    54    68    71
C1_154  1830   141    87   125    83   109   114   175    61   107   162
C1_154  1840    58    82    58    61    95    63   141    88    72    49
C1_154  1850    94    93    93    81    84   110   142    82    75    81
C1_154  1860   125   178   119   131   163   165   167   154   157   192
C1_154  1870   232   238   334   207   226   189   199   167   149   150
C1_154  1880    94   151   228   151   172   273   332   236   316   278
C1_154  1890   340   365   307   433   292   417   293   252   251   158
C1_154  1900   242   232    86   125   232   210   126   229   271   169
C1_154  1910   166   272   378   358   400   316   360   338   402   402
C1_154  1920   275   296   444   339   275   254   254   254   233   169
C1_154  1930   224   156   233   169   190   294   309   330   370   378
C1_154  1940   390   485   465   546   417   489   469   437   440   405
C1_154  1950   450   397   423   624   561   655   486   566   669   900
C1_154  1960   852   725   717   966  1139  1070  1420  1504  1221  1147
C1_154  1970  1478  1425  1097  1680  1667  1500  1424  1257  1378  1195
C1_154  1980  1100  1467  1111  1180  1408  1216  1034  1361  1523  1351
C1_154  1990  1619  1224  1257   799  1080   822  1228  1406  1321  1358
C1_154  2000  1576  1135   745   665   629   965  1065  1148   857   940
C1_154  2010   730   169 -9999
C3_073  1948   873  1590
C3_073  1950  1403   918   709   644   690   830   715   676   573   655
C3_073  1960   657   592   589  1573  1372  1075  1130  1149   757   522
C3_073  1970  1092   986   721  1029  1075  1094  1304  1459  1336  1179
C3_073  1980  1060   997   954  1126  1121   750   475   760   847   749
C3_073  1990   830   558   559   405   755   621   539   506   523   599
C3_073  2000   881   716   476   480   413   457   608   690   341   465
C3_073  2010   493 -9999
C3_074  1771  1070   761  1063   705   735   667   637   497   307
C3_074  1780   292   439   270   353   351   315   326   497   399   292
C3_074  1790   599   561   313   279   453   283   251   239   173   174
C3_074  1800   111   217   299   350   537   526   388   541   403   338
C3_074  1810   338   537   409   379   264   330   348   383   396   200
C3_074  1820   188   212    96    64    87   132   118    95    84    68
C3_074  1830   101   118   177   240   175   272   264   222   267   276
C3_074  1840   252   246   378   160   136   205   111    66    63    56
C3_074  1850   136    67   110   105    93    97    53    69    55    81
C3_074  1860    93    61    78   112   169   124   145   111    97   119
C3_074  1870   103    97   106    88    51    67   113    82   102    80
C3_074  1880   104   106   132    72    98   170   173   106   151   169
C3_074  1890   196   120   148   233   105   170   197   216   234   156
C3_074  1900   275   233   149   144   252   250   244   348   484   335
C3_074  1910   224   318   313   405   372   351   332   442   428   488
C3_074  1920   301   264   397   360   383   498   442   464   383   423
C3_074  1930   365   310   351   462   383   464   423   366   407   487
C3_074  1940   507   570   531   649   668   691   832   809   706   467
C3_074  1950   739   659   551   845   644   779   677   789   653   792
C3_074  1960   809   568   417   637   549   643   691   675   491   397
C3_074  1970   679   485   388   511   541   536   491   484   462   447
C3_074  1980   285   331   341   317   487   342   309   597   515   393
C3_074  1990   400   212   172   195   400   260   335   315   297   428
C3_074  2000   489   358   275   272   253   265   322   317   239   313
C3_074  2010   337   164 -9999
C3_076  1860   352   121   599   160   118   266   333   372   407   734
C3_076  1870   426   770   593   418   226   396   371   456   184    76
C3_076  1880    61    96   153   172    75   102   134   102   211   231
C3_076  1890   220   153   190   161   180   249   175   194   162   110
C3_076  1900   257   251   183   280   437   355   218   307   425   424
C3_076  1910   486   532   464   386   406   440   344   393   581   866
C3_076  1920   294   249   360   312   257   182   154   125   114   174
C3_076  1930   177   146   189   185   148   171   190   213   331   502
C3_076  1940   410   555   540   568   557   555   473   350   301   311
C3_076  1950   285   247   260   314   343   395   375   327   292   408
C3_076  1960   336   271   259   403   498   420   487   529   337   244
C3_076  1970   381   362   187   343   264   320   312   347   363   396
C3_076  1980   308   395   451   357   536   589   452   256   286   312
C3_076  1990   234   297   239   334   302   323   289   335   349   346
C3_076  2000   337   200   151   212   183   385   246   263   162   159
C3_076  2010   179    82 -9999
C3_095  1880   414   363   593   457   401   685   764   547   687   606
C3_095  1890   628   500   606   794   517   707   684   626   891   491
C3_095  1900   478   545   352   425   594   583   432   599   994   727
C3_095  1910   437   469   469   503   407   432   357   435   455   555
C3_095  1920   401   385   503   421   519   634   639   644   243   386
C3_095  1930   451   392   474   639   389   714   656   619   784   908
C3_095  1940  1031  1228  1070  1178  1392  1542  1460  1355  1290   973
C3_095  1950  1204  1052   714  1093   968  1073  1094  1249  1057  1140
C3_095  1960   785   639  1094   846   928  1107   931   926   404  1095
C3_095  1970  1255   693  1100  1080  1125   965   845  1010   852   755
C3_095  1980   872   951   951  1275   786   525   927  1058   732   797
C3_095  1990   486   428   603   799   837   723   726   578   652  1279
C3_095  2000   716   350   525   503   597   636   580   509   689   616
C3_095  2010   159 -9999
C3_099  1908   190   296
C3_099  1910   360   190   360   401   422   295   296   402   398   527
C3_099  1920   150   211   345   345   350   330   557   416   376   591
C3_099  1930   465   761   603   700   607   693   717   718   846  1037
C3_099  1940   740  1014   755   937  1154  1174   920  1079  1035   759
C3_099  1950   839   986   465   769  1084  1017  1010  1046   782   825
C3_099  1960  1000   788   774   896   602   558   681   902  1208   702
C3_099  1970   943   843   527   611   380   549   557   606   589   655
C3_099  1980   677   548   380   719   635   549   355   558   735   708
C3_099  1990   502   226   226   176   330   261  1051  1115   982   889
C3_099  2000   975   593   472   681   773   646   836   751   792   783
C3_099  2010   732   151 -9999
C3_109  1879   572
C3_109  1880   254   464   338   316   549   675   591   677   614   614
C3_109  1890   635   444   614   824   487   710   617   584   824   444
C3_109  1900   487   635   381   360   526   649   502   524   974   719
C3_109  1910   465   423   466   487   402   423   338   444   486   529
C3_109  1920   402   381   507   423   508   635   635   637   241   349
C3_109  1930   444   339   487   635   423   718   676   652   759   909
C3_109  1940  1016  1201  1039  1120  1396  1527  1467  1323  1281   971
C3_109  1950  1185  1040   736  1058   931  1035  1051  1194   944  1005
C3_109  1960  1148   727   621  1002   829   907  1118   944   962   396
C3_109  1970  1107  1250   687  1127  1067  1132   941   854   997   830
C3_109  1980   726   892   912   908  1258   720   513   897  1040   693
C3_109  1990   795   472   431   595   923   862   736   760   538   689
C3_109  2000  1257   713   357   545   502   586   670   629   461   705
C3_109  2010   624   116 -9999
C3_113  1908   234   306
C3_113  1910   370   233   338   422   422   295   295   464   359   356
C3_113  1920   129   243   385   384   323   305   531   393   357   527
C3_113  1930   465   741   593   679   735   690   734   734   860  1055
C3_113  1940   780  1033   759   946  1174  1246   940  1052  1029   735
C3_113  1950   857   961   437   808  1047  1040  1018  1033   809   804
C3_113  1960   932   724   790   833   618   559   697   856  1236   713
C3_113  1970   851   841   560   576   412   632   553   656   599   579
C3_113  1980   645   624   385   614   619   538   324   517   758   691
C3_113  1990   615   118   218   264   289   281   997   997   938   840
C3_113  2000   920   759   468   674   754   694   817   793   749   775
C3_113  2010   745   179 -9999
D1_070  1879    36
D1_070  1880   544   737   370   364   228   245   252   262   381   373
D1_070  1890   119   102    71    76   110    98   123    70    81    86
D1_070  1900    81    87    61    65   139    84    70    82   117   107
D1_070  1910   127   156   166   205   349   438   321   287   292   248
D1_070  1920   171   211   278   214   149    94   124   112   127    91
D1_070  1930   119   202   231   241   146   256   294   268   420   386
D1_070  1940   365   556   408   493   745   733   477   310   314   260
D1_070  1950   300   373   138   328   344   471   382   556   558   439
D1_070  1960   591   480   362   437   341   394   459   444   182   161
D1_070  1970   291   317   319   536   542   580   667   595   608   510
D1_070  1980   413   448   440   389   475   419   369   542   428   376
D1_070  1990   525   350   371   256   240   334   499   407   481   478
D1_070  2000   678   518   433   375   353   401   569   453   349   412
D1_070  2010   374    61 -9999
D1_162  1888   844   248
D1_162  1890   210    35    98    95   111    96   127   112   124    95
D1_162  1900    74    90   105    55    89    90   108    90    63    94
D1_162  1910    63   115    53    68    53    42    50    45    72    83
D1_162  1920    64    61    52    21   108    89    44    36    79    69
D1_162  1930    85    85    59    32   107    70    55    73    20    39
D1_162  1940    32    45   109   118   130   190   211   169   211   210
D1_162  1950   148   232   148   147   230   472   517   571   571   465
D1_162  1960   591   652   523   667   559   682   701   865   596   466
D1_162  1970   692   802   592   909   930  1121   846   804   741   677
D1_162  1980   529   508   402   423   401   529   275   466   402   317
D1_162  1990   550   252   318   253   274   291   322   230   214   250
D1_162  2000   529   364   233   233   127   143   195   190   123   145
D1_162  2010   101 -9999
D1_169  1807   666   310   212
D1_169  1810   218   181   113   367   328   313   187   247   144   114
D1_169  1820   109   106   164   328   184   246   572   401   507   311
D1_169  1830   154   177   161    99   133   234   155   169    92   106
D1_169  1840   134   168   148   164   113   141   141   198   197    78
D1_169  1850   153   158   127   176   153   207   148   184   176   155
D1_169  1860   155   180   211   193   186   317   423   317   286   370
D1_169  1870   233   254   244   119   120   120   133    78    85   127
D1_169  1880    84   135   147   120   127   241   210   234   339   233
D1_169  1890   212   133   113   162    99   191   168   255   296   133
D1_169  1900   211   204    99   141   217   238   252   210   252   126
D1_169  1910   147   132   252   159   190    84   140   238   167   232
D1_169  1920   134    98   188   211   190   253   360   242   223   338
D1_169  1930   211   211   214   314   169   305   243   285   288   240
D1_169  1940   162   190   147   148   140   160   105    98   105   119
D1_169  1950    90    98   106   126   125   133    85   113    79    81
D1_169  1960    62    62   112    86   140   122   139   133    90   105
D1_169  1970   148   155   104   219   245   274   260   271   322   237
D1_169  1980   216   259   290   272   251   207   163   269   248   205
D1_169  1990   251   137   129   114   188   302   331   199   335   255
D1_169  2000   223   220   160   132   145   139   144   142   114   108
D1_169  2010   110    62 -9999
D1_171  1835   105    60   140    69   114
D1_171  1840   120   131   124   114   190   211   397   254   223   192
D1_171  1850   271   341   415   775   417   440   377   441   446   414
D1_171  1860   447   309   254   369   412   622   693   751   360   447
D1_171  1870   653   720   587   493   436   374   384   221   188   212
D1_171  1880    96   166   171   136   121   127   131   127   203   183
D1_171  1890   166   161   173   291   165   229   270   230   355   275
D1_171  1900   371   481   440   524   670   561   520   685   707   495
D1_171  1910   317   349   605   848   881   868   395   530   778   859
D1_171  1920   654   662   637   649   471   498   390   389   215   336
D1_171  1930   384   354   528   549   407   761   850   771   992  1374
D1_171  1940   992  1628  1105  1466  1440  1437  1288  1371  1242  1062
D1_171  1950  1165  1270   394  1084  1152  1299  1013  1199   975  1321
D1_171  1960  1275  1188   889  1062   888   807   914   920   756   569
D1_171  1970  1162   981   777  1322  1202  1069  1147  1049  1105  1102
D1_171  1980  1117  1087  1039   982  1579  1390   879  1308  1522  1551
D1_171  1990  1406  1165  1022   685  1166  1085  1316   925  1583  1440
D1_171  2000  1789  1234   905   980   734   870  1370  1163   705   822
D1_171  2010   778 -9999
D1_173  1922  1027  1006  1133  1383  1029   951   609   645
D1_173  1930   760  1414  1147  1106   692   885   867   741   847   762
D1_173  1940   436   537   426   448   575   561   633   547   640   559
D1_173  1950   623   932   654   778  1044  1156  1030  1038   855  1041
D1_173  1960   954   862   792   978   796  1034   991  1059   814   783
D1_173  1970  1217  1135   656  1444  1169  1090  1025  1088  1228  1054
D1_173  1980   824   864   788   803  1142   894   562   843  1055   924
D1_173  1990  1096   569   693   503   735   786  1002   861   952   952
D1_173  2000  1269   867   601   535   447   491   584   521   301   409
D1_173  2010   373    28 -9999
D1_174  1840   143   170   191   254   269   204   148   193   118    54
D1_174  1850   146   161   202   298   343   556   421   444   212   317
D1_174  1860   434   686   613   564   504   631   634   465   462   444
D1_174  1870   593   550   486   507   499   540   395   395   208   272
D1_174  1880   210   235   342   339   360   381   465   295   570   401
D1_174  1890   296   211   275   296   148   212   275   275   317   227
D1_174  1900   239   275   169   147   231   189   210   188   412   268
D1_174  1910   229   315   317   337   267   219   296   343   398   360
D1_174  1920   508   526   588   461   462   316   275   296   232   275
D1_174  1930   254   190   275   338   317   339   444   338   652   713
D1_174  1940   566   819   696   992   884  1007   833   804   741   698
D1_174  1950   761   633   484   609   583   645   477   823   677   739
D1_174  1960   696   694   653   803   885   699   825   931   676   549
D1_174  1970  1162   909   444   889   910   952   843   926   925   841
D1_174  1980   841   736   815   773   951   669   498   872  1164  1207
D1_174  1990   970   737   825   560   690   840  1022   716   968  1199
D1_174  2000  1581  1423   846  1016   677   825   846   931   508   782
D1_174  2010   694    58 -9999
D2_025  1892   373   886   460   465   406   300   156   146
D2_025  1900   113   140   279   250   469   376   276   385   330   418
D2_025  1910   448   376   398   369   373   346   299   279   339   478
D2_025  1920   190   318   304   275   353   330   290   162   162   331
D2_025  1930   338   462   329   287   321   421   446   448   439   625
D2_025  1940   613   725   491   525   526   486   558   524   586   570
D2_025  1950   655   414   428   639   631   638   659   678   634   576
D2_025  1960   506   516   469   548   512   407   659   626   483   435
D2_025  1970   711   598   441   589   414   444   455   520   538   485
D2_025  1980   656   787   762   777   784   554   416   726   864   733
D2_025  1990   590   369   494   499   797   683   722   776   863   785
D2_025  2000  1185   835   500   626   522   622   720   573   445   647
D2_025  2010   769    66 -9999
D2_139  1905    38   493   789   660  1510
D2_139  1910   719   582   563   571   863   558   347   673   481   860
D2_139  1920  1025   411   872  1018   924   706   758   526   570   434
D2_139  1930   671   663   509   580   481   313   475   563   454   445
D2_139  1940   425   412   474   476   558   593   522   610   590   478
D2_139  1950   474   494   761   504   501   631   634   725   606   766
D2_139  1960   551   569   435   690   549   586   530   894   621   472
D2_139  1970   799   683   320   613   464   498   425   561   610   500
D2_139  1980   445   508   571   563   583   511   254   494   527   205
D2_139  1990   348   198   198   254   227   350   335   297   277   237
D2_139  2000   377   315   245   225   199   229   307   256   148   263
D2_139  2010   206    98 -9999
D2_140  1819   581
D2_140  1820   369   363   345   580   208   671   451   681   343   273
D2_140  1830   119   315   113   155   176   261   197   235   174   367
D2_140  1840   345   387   329   431   205   310   211   238   344   133
D2_140  1850   203   140   238   196   250   304   283   268   165   134
D2_140  1860   171   186   150   134   135   186   205   196   209   281
D2_140  1870   282   408   290   373   336   268   365   366   338   427
D2_140  1880   372   366   382   306   328   454   549   344   765   539
D2_140  1890   638   524   467   729   460   547   633   492   407   301
D2_140  1900   364   454   276   476   749   554   564   628   911   682
D2_140  1910   684   563   639   616   609   554   704   742   738   731
D2_140  1920   628   647   734   826   588   495   255   328   233   363
D2_140  1930   333   138   342   558   296   400   436   276   334   433
D2_140  1940   399   478   522   653   562   663   708  1109   984   749
D2_140  1950   744   596   418   583   642   787   752   660   564   637
D2_140  1960   497   466   317   442   544   411   497   597   429   349
D2_140  1970   645   613   354   634   677   510   508   577   624   481
D2_140  1980   444   354   429   460   429   243   169   333   603   360
D2_140  1990   307   137   233   233   180   286   359   233   238   212
D2_140  2000   260   270   164   153   143   122   196   206   122   159
D2_140  2010   153 -9999
D2_143  1977   583   337   298
D2_143  1980   593   478   350  1128   395   553   696  1438  1098   809
D2_143  1990   891  1048   797   634  1234   895  1179  1031   934  1031
D2_143  2000  1643  1024   634  1327  1152  1100  1795  1526  1553  1859
D2_143  2010  1442   411 -9999
D3_158  1946  5694  4540  4822  2099
D3_158  1950  2538  2115  1090  1654  1657  1779  1590   925  1027  1261
D3_158  1960  1321   741   741  1142   889   995  1523  1500   699   592
D3_158  1970   886   685   199   835   662   678   779   738  1064   969
D3_158  1980   741   836   669   563   583   440   315   652   697   634
D3_158  1990   697   423   465   423   909   782  1066   729   759   694
D3_158  2000  1281   901   441   562   375   686   629   461   210   357
D3_158  2010   337    53 -9999
D3_159  1921   112   109   613   484  1630  1987  1733  1104  1525
D3_159  1930  1482  2388  1935  1840  1226  2092  2492  2264  2222  3175
D3_159  1940  2208  2880  1787  2497  2917  2156  2388  1865  2016  1886
D3_159  1950  1339  1704  1300  1615  2246  2202  2004  2024  1231  1575
D3_159  1960  1832  1691  1152  1358  1280   984   528   308   324   242
D3_159  1970   467   483   278   377   429   512   627   610   480   660
D3_159  1980   800   518   500   541   620   669   337   696   733   566
D3_159  1990   473   361   588   491   489   628   577   488   675   584
D3_159  2000   544   604   586   487   446   446   490   661   415   533
D3_159  2010   657    83 -9999
D3_160  1937   751  1171  1122
D3_160  1940  1187  1513  1047  1402  1502  1829  1483  1400  1608   492
D3_160  1950  1416  1181   570  1035   994  1092   891  1058  1058  1143
D3_160  1960   931   825   614   889   719   697   634   635   278   275
D3_160  1970   359   169   148   465   359   423   484   463   737   759
D3_160  1980   759   990   969   879   924   695   443   738   697   697
D3_160  1990   697   423   402   402   612   522   778   401   487   614
D3_160  2000   738   590   470   520   477   639   867   415   213   430
D3_160  2010   439 -9999
D3_161  1889   154
D3_161  1890   538   394   346   311   236   218   334    71    66    98
D3_161  1900    59   138   199   300   536   556   519   823  1330   997
D3_161  1910   616   422   197   291   245   286   227   288   457   324
D3_161  1920   195   160   210   221   206   209   253   154   238   163
D3_161  1930   139   127   113   141   119   197   138   132    97   176
D3_161  1940   184   275   341   634   494   717   597   430   552   710
D3_161  1950   467   481   438   455   406   402   423   386   302   370
D3_161  1960   412   322   285   354   390   394   468   455   270   238
D3_161  1970   238   206   169   344   302   413   455   343   444   512
D3_161  1980   516   508   551   567   657   564   306   853   695   663
D3_161  1990   566   320   278   289   541   508   719   657   683   799
D3_161  2000  1009   744   203   592   696   729   560   334   778   656
D3_161  2010 -9999
D3_162  1938   508  1554
D3_162  1940  1245  1269   900  1509  1365  1133  1199  1121   889  1013
D3_162  1950  1240  1113   632   822  1025  1092   836  1145   807  1035
D3_162  1960  1073   778   694   739   887   802   909  1034   591   422
D3_162  1970   761   698   550   656   698   910  1142   867   845  1056
D3_162  1980  1034  1053  1056  1015   971   906   442  1063  1003  1051
D3_162  1990   755   587   731   668   816   881  1054  1098  1120  1290
D3_162  2000  1353   974   828  1297   964  1151  1146  1428   959  2256
D3_162  2010  1703 -9999
D3_163  1961  3807  3447  4595  3273  3296  3407  2973  2643  1924
D3_163  1970  2375  2072  1970  4323  2733  2568  3277  3323  2540  2853
D3_163  1980  3259  3067  2644  3026  2815  2496  1992  2194  2642  1919
D3_163  1990  1476  1729  2324  1797  2644  2390  2538  2260  3217  2815
D3_163  2000  2896  2446  1476  1834  2085  1539  1865  2559  2091  2474
D3_163  2010  2560   490 -9999
D3_164  1973  1628  1314  1333  1037   934   687   793
D3_164  1980   952   741   841   651   400   485   464  1119  1100  1545
D3_164  1990  1122   931  1016   931  1672  1312  1332  1058  1122  1247
D3_164  2000  1333   974   508   868   718   654   780   856   686  1165
D3_164  2010   863   116 -9999
E1_079  1981   451  1073  1002   641   969  1250  2269  2686  2443
E1_079  1990  2719  2863  2666  2112  3920  3623  4340  4225  3637  2885
E1_079  2000  3028  2321  1842  3498  3422  4204  5731  5084  4899  5312
E1_079  2010  4315  1691 -9999
A1_105  1980    53   105   116   123   224   180   150   248   243   352
A1_105  1990   239   381   310   299   736   439   535   400  1094   715
A1_105  2000  1144   511   442   943   767  1476  1925  1779  2023  2758
A1_105  2010  2541  1234 -9999
A1_106  1989   289
A1_106  1990   282   295   768   505   850   877   850   867  1453  1370
A1_106  2000  1122   865  1223  1598  1750  2296  2566  2383  3538  4056
A1_106  2010  4312  2082 -9999
A1_107  1977    19   110    97
A1_107  1980   109   424   359   565   582   706   875  1344  1761  1497
A1_107  1990  1427  1841  1995  1049  2499  2076  2280  1647  2006  2565
A1_107  2000  2093  1215   824  1236  1136  1764  2899  3004  2764  3360
A1_107  2010  1851  1070 -9999
A2_023  1951   607   310   121    67   203   182    89   181   146
A2_023  1960   135   140   181   240   218   139   361   223   200   148
A2_023  1970   189   126   168   170   381   347   233   332   301   342
A2_023  1980   406   390   328   249   207   227   186   247   226   246
A2_023  1990   228   187   373   271   418   189   310   303   465   402
A2_023  2000   439   295   193   205   247   206   177 -9999
A2_030  1941   563   702  1448  1480  1276   966   520   411   312
A2_030  1950   325   186   236   136   185   243   183   263   280   282
A2_030  1960   319   224   204   434   313   335   331   201   241   282
A2_030  1970   181   205   204   411   472   532   746   781   950  1004
A2_030  1980   913  1002  1011  1079   957   928   611  1023  1307  1341
A2_030  1990   993   652   823   594  1177   649   892   622   917   950
A2_030  2000   909   864   738   828   748   843  1077   959  1016  1304
A2_030  2010  1209   421 -9999
A2_031  1945   128   241   284   170   243
A2_031  1950   511   293   179   253   347   296   601   796   520   734
A2_031  1960   356   366   291   571   881   617   609   389   756   185
A2_031  1970   107   114    98    89   119   175   146   277   324   259
A2_031  1980   261   294   158    72    61   214    75    68    74    85
A2_031  1990   164   117   144   305   805   446   354   418   516   549
A2_031  2000   463   415   226   265   334   348   389   483   533   434
A2_031  2010   271    47 -9999
A3_059  1975   836   716   604   743   687
A3_059  1980  1078   847  1173  1169   743   293    79   141   147   331
A3_059  1990   416   479   397   484   782   617   597   803   767   590
A3_059  2000    51   237   207   607   810   893  1443  1245  1348  2034
A3_059  2010  1907   984 -9999
A3_060  1979    83
A3_060  1980    83   103   166    99   108   169   210   230   209   232
A3_060  1990   233   317   465   527   691   579   555   593  1016  1012
A3_060  2000   992   929   904  1037  1164   762  1143   930  1137  1524
A3_060  2010  1268   451 -9999
A3_065  1990    69   568   360   576   337   671   714   751   324   466
A3_065  2000   615   461   573   680   858   865  1418  1710  1664  1966
A3_065  2010  1738   922 -9999
B1_004  1981    38   172   205   118   162   242   332   475   391
B1_004  1990   409   453   429   633   699   495   494   591   904   654
B1_004  2000   690   581   436   672   521   500   856   875   793 -9999
B1_006  1977   127   211   275
B1_006  1980   254   317   190   190   211   275   508   791   885   670
B1_006  1990   606   772   940   690  1239   675  1140   909  1066  1156
B1_006  2000   975   996  1038  1245   960  1481  2185  1828  1937  2385
B1_006  2010  2494   921 -9999
B2_046  1863    47    81    72    57    94   124   185
B2_046  1870   213   431   169   120   238   101   120   101   171   149
B2_046  1880    96   120   146   136   177   177   116   121   136   174
B2_046  1890   127   150   132   134   107   159   106   101   114    79
B2_046  1900    74    74    82    93   130   175   161   300   240   200
B2_046  1910   154   160   153   149   130   106   106   144   152   257
B2_046  1920   191   225   313   235   290   208   195   192   189   221
B2_046  1930   239   272   286   410   282   421   414   427   539   567
B2_046  1940   349   436   334   492   500   565   653   455   536   528
B2_046  1950   417   385   289   327   278   363   211   237   195   238
B2_046  1960    93    94   148   376   335   370   231   250   257   208
B2_046  1970   194   194   151   264   176   201   202   202   239   251
B2_046  1980   209   259   279   239   282   201   141   177   146   136
B2_046  1990   141    74    98    58    88   116   148    96   129   157
B2_046  2000   259   256   195   223   114   110   190   193   139   188
B2_046  2010   122    92 -9999
B3_551  1989  1016
B3_551  1990  1002  1390  1177  2422  2341  1798  1252  1663  1291  1846
B3_551  2000  1532  1174   583   843  1090   919  1165  1185  1186  1726
B3_551  2010  1534   505 -9999
B3_553  1986   763  1127  1497  1180
B3_553  1990   892   823   907   578  1156   661   544   818   902  1003
B3_553  2000   939   597   483   583   595   848   838   581   455  1659
B3_553  2010   741   541 -9999
B3_555  1985  1372  1147   832   896  1194
B3_555  1990  1669  1366  1357   577  1159  1038  1278  1215  1044  1339
B3_555  2000  1171   528   185   483   401   540   885   721   906  1307
B3_555  2010  1088   583 -9999
C1_155  1907    81  1061  1267
C1_155  1910  1236  1425  1024  1302   868   789   675   747   859   639
C1_155  1920   497   847   395   319   493   184   138   241   201   100
C1_155  1930   282   308   288   116   105   183   244   158   243   286
C1_155  1940   224   259   312   244   597   412   560   343   334   275
C1_155  1950   217   138   125   131    72    71    59    94   107   107
C1_155  1960    91    71    98   139   137   108   258    76    82   130
C1_155  1970    87    66    71    56    72    70    73    76   126    85
C1_155  1980    86   128   101   165   134   160   179   179   179   137
C1_155  1990    91   122   161   257   385   345   292   388   586   536
C1_155  2000   888   436   220   288   217   357   310   376   234   376
C1_155  2010   331   144 -9999
C2_008  1885   111   123   350   169   139
C2_008  1890   208   176   109    82   107   190   239   193   296   259
C2_008  1900   155   167   169   153   295   243   160   120   137   144
C2_008  1910    77    69   146   222   265   216   395   266   313   180
C2_008  1920   201   193   190   115   126   176   183   323   391   255
C2_008  1930   369   425   402   538   357   209   124   117    90    90
C2_008  1940   103    76    90   169   155   217   197   517   185   161
C2_008  1950   103    93    69    61   123   118    69    84    77    67
C2_008  1960    77    77    87   159   167   148   202   166   109   117
C2_008  1970   120   117   115   218    98   135   120   169   210   167
C2_008  1980    75   225   352   116   161   113    98   263   244   167
C2_008  1990   157   129   112   319   644   702   473   440   704   435
C2_008  2000   580   515   225   146   127   342   444   313   219   231
C2_008  2010   182    87 -9999
C2_055  1921   190   210   147   190   125   186   126   188   229
C2_055  1930   247   305   181   181   146   851   779   634   783   922
C2_055  1940   839  1508  1217  1478  1637  1423  1314  1075   889   719
C2_055  1950   465   568   482   482   641  1030   659   718   939   979
C2_055  1960  1004   648   753   746   560   405   559   453   308   246
C2_055  1970   337   392   295   437   499   540   434   495   636   572
C2_055  1980   567   618   512   504   608   524   442   526   567   357
C2_055  1990   743   564   645   423   792   533   570   500   842   716
C2_055  2000   877   758   592   516   501   567   610   589   451   751
C2_055  2010   526   100 -9999
C2_056  1957  1587  1271  1191
C2_056  1960  1359   897   796  1195   736   748   498   233   335   399
C2_056  1970   652   694   375   444   217   322   349   295   392   358
C2_056  1980   292   386   342   284   212   277   123   277   213   171
C2_056  1990   175   205   177   116   261   160   177    94    97   174
C2_056  2000   318   150    96   117    89    82    51    67    54    66
C2_056  2010   101    46 -9999
C3_100  1880   111    81    68    46    68    75    67   158   111    58
C3_100  1890   115   134    95    79    92   115    90   117   101    69
C3_100  1900    74   190   120    98    71    83    57   125    83   110
C3_100  1910    69    47    48   166    48    51    51    59    39    70
C3_100  1920    80   102   100   110   127   113   115    70    74   140
C3_100  1930   143   182   108   128   149   169   258   165   222   451
C3_100  1940   215   312   225   309   295   294   255   237   259   238
C3_100  1950   209   275   234   249   193   277   243   264   223   245
C3_100  1960   266   206   205   312   229   229   233   247   160   153
C3_100  1970   153   145    97   145   156   156   188   146   252   251
C3_100  1980   214   275   284   182   254   211   169   273   255   151
C3_100  1990   177   104    99   116   151   116   224   147   127   107
C3_100  2000   196   165    79    64    77    41    75    61    95    79
C3_100  2010    48    52 -9999
C3_101  1940   503   539   358   258   353   425   371   573   494   610
C3_101  1950   187    77    95   121   189   110   116    76    82    49
C3_101  1960    74    98    84    82    84    86    70    89   100   154
C3_101  1970   159   300   228   483   428   623   848   945  1064   908
C3_101  1980   859   738   638   645   566   448   278   516   602   547
C3_101  1990   483   551   653   656   860   744   499   367   297   346
C3_101  2000   679   413   238   218   162   102   122   132   169   230
C3_101  2010   207    72 -9999
C3_115  1941   499   529   383   313   342   378   417   545   519
C3_115  1950   560   201   124    83   106   188   118   117   162    55
C3_115  1960    81    77    74    96    80    79    64    64    95   139
C3_115  1970   176   324   231   482   382   680   837   949  1030   869
C3_115  1980   819   762   607   613   568   441   252   526   575   556
C3_115  1990   509   507   621   582   882   698   584   376   272   335
C3_115  2000   669   385   245   207   181   100   118   124   141   260
C3_115  2010   204   102 -9999
D1_069  1990   940  1584  1636   921  1867  1283  1002  1294  1198  1268
D1_069  2000  1140   882   460   729   870   966  1115  1179  1283  1464
D1_069  2010  1091   224 -9999
D1_161  1985   843   325   506   356   269
D1_161  1990   326   275   701   421   771   819  1454  1402   482  1069
D1_161  2000  2452  1629  1107   255   440   935   572   742   741   831
D1_161  2010   438 -9999
D1_170  1977   187   183   472
D1_170  1980   393   426   304   487   392   631   620  1033  1004  1100
D1_170  1990   852   900  1062   771  1297  1151  1239  1215  1731  1715
D1_170  2000  1480  1058   877  1873  1541  1554  2355  2743  3151  3509
D1_170  2010  3104   788 -9999
D3_116  1968   146   180
D3_116  1970   638   297   281   505   443   675  1088   774   718   882
D3_116  1980   994  1043  1065  1871   718   766  1274  1781  1313  1492
D3_116  1990  1435  1269  1456  1796  1716  1137  1313  1563  1841  1285
D3_116  2000  1174   855   675   829   993  1142  1277  1132  1272  1233
D3_116  2010  1905   602 -9999
D3_117  1974   136   343   689   282   281   125
D3_117  1980   159   368   465   682   459   572   488   855   994   675
D3_117  1990   434   460   501   350   580   665   670   827   844   479
D3_117  2000   914   797   340   396   494   495   607   717   691   775
D3_117  2010   707   477 -9999
E1_071  1992  1820  1376  2651  1802  2796  2783  3249  2768
E1_071  2000  2632  1668  1270  1817  1838  2312  4164  3391  2560  4031
E1_071  2010  3572  1098 -9999
E1_078  1988   834  1040
E1_078  1990   978  1220  1075   528  1417   935  1180  1015  1375   994
E1_078  2000  1407   952  1058  1587  1630  1838  3296  3471  2759  3690
E1_078  2010  3447  2104 -9999
H1_028  1957   200   206   498
H1_028  1960   505   449   384   304   336   393   547   622   488   405
H1_028  1970   625   433   385   637   597   676   871  1115   971  1233
H1_028  1980  1262  1207  1228  1320  1524  1583  1305  2111  2370  2289
H1_028  1990  1959  1823  1794  1086  2280  1367  1627  2041  1455  1815
H1_028  2000  1656  2089  1422  1398  1421  1281  1716  1841  1474  2016
H1_028  2010  1834   268 -9999
H1_145  1893    93   100    88    90    75   114    75
H1_145  1900    86    85    68    47    70    72    85    86    81    70
H1_145  1910    65    72    75    70    72    70    56    95    64    61
H1_145  1920    68    46    61    38    60    65   106    89    96    94
H1_145  1930    81    62    67    83    79    60    98   167   160   600
H1_145  1940   410   720   562   708   629   614   487   434   288   215
H1_145  1950   232   171   140   144   169   237   247   233   213   169
H1_145  1960   233   304   298   298   259   250   203   212   143   130
H1_145  1970   149   167   172   213   259   223   292   405   394   462
H1_145  1980   371   444   420   357   592   493   382   663   707   507
H1_145  1990   672  1042   736   430   944   676   607   832  1052  1185
H1_145  2000  1227   634   480   493   745  1416   902  1185   842   711
H1_145  2010   673   557 -9999
H1_146  1978  1034  1087
H1_146  1980  1275   776   914   787   648   529   550   867   991   845
H1_146  1990   827   736   614   971   571   466   571   719   698   825
H1_146  2000   889   655   316   253   422   337   633   591   595  1068
H1_146  2010   671   471 -9999
D3_130  1968   190   179
D3_130  1970   595   292   303   494   473   659  1096   816   693   857
D3_130  1980  1047  1024  1044  1823   786   750  1210  1807  1348  1451
D3_130  1990  1361  1309  1417  1800  1730  1148  1346  1515  1700  1275
D3_130  2000  1184   840   659   806   996  1162  1289  1035  1326  1355
D3_130  2010  1775   543 -9999
B2_503  1976    64    84   190   195
B2_503  1980   133   125    98   100   187   176   170   188   254   254
B2_503  1990   169   161   138   160   175   177   378   107   154   187
B2_503  2000   215   111    61    96   176   151   423   359   175   180
B2_503  2010   200   132 -9999
H1_042  1956    67   266   361   559
H1_042  1960   548   462   409   382   374   427   574   632   571   510
H1_042  1970   702   484   373   672   644   668   925  1264  1011  1261
H1_042  1980  1331  1267  1240  1267  1601  1743  1340  2048  2451  2298
H1_042  1990  1943  1752  1805  1032  2402  1397  1751  1985  1323  1652
H1_042  2000  1536  1910  1254  1422  1335  1261  1617  1836  1416  2015
H1_042  2010  1845   247 -9999
