A2_082  1940   445   727   689   954   952  1013   970  1013  1057   759
A2_082  1950  1392  1339   811  1199  1344  1393  1333  1538  1414  1296
A2_082  1960  1356  1421  1678  1842  1579  2523  2459  2192  1922  2549
A2_082  1970  2337  1989  1683  2455  2286  2554  2533  3019  3222  2936
A2_082  1980  3157  2588  2466  2553  2267  1739  1674  2204  2306  2923
A2_082  1990  1809  1526  2086  1991  2670  1847  2264  1949  2352  2283
A2_082  2000  2844  1793  1913  2408  1625  1596  2000  1959  1791  2442
A2_082  2010  1832   544 -9999
A2_084  1928   440   636
A2_084  1930   725   427   257   286   103    92   107   286   431   583
A2_084  1940  1075  1375  1214  1249  1429  1420  1263  1923  1693  1160
A2_084  1950  1709  1300   955  1249  1373  1376  1452  1839  1690   922
A2_084  1960  1168  1346  1437  1223   915  1461  1683  1798  1989  1967
A2_084  1970  2799  3127  2402  2165  2297  2053  3244  3820  3494  3225
A2_084  1980  2999  3093  2836  3047  2408  2144  2334  2772  3463  3618
A2_084  1990  3146  2680  2666  2112  3347  2719  3337  2977  3987  2740
A2_084  2000  3145  2556  1693  3046  2635  2543  3052  2270  1905  2929
A2_084  2010  2850    72 -9999
A3_063  1948  1884  2129
A3_063  1950   676   631   928   834  1725  1600  1926  2017  1696  2011
A3_063  1960  1752  2249  1912  1947  2264  1841  1837  2849  2532  2213
A3_063  1970  3365  1943  1570  2510  2694  2631  2836  2667  2328  2730
A3_063  1980  3810  3175  2703  2808  2597  1841  1863  2519  3002  3896
A3_063  1990  3212  2582  2264  1691  2811  2669  2105  1805  3987  3186
A3_063  2000  3366  2548  1880  2091  1986  2483  2631  1608  1341  2063
A3_063  2010  1474   371 -9999
B1_001  1957  1098   761   379
B1_001  1960   319   296   559  1018   886   357   380   466   444   423
B1_001  1970   359   389   977   984   897  1808  1177  1667  2005  2182
B1_001  1980  2391  2808  2389  1137  2770  3208  2984  2490  2216  2385
B1_001  1990  4141  4706  3593  2665  2787  2096  3724  3199  3617  2656
B1_001  2000  4111  3258  3647  2176  2004  3356  2301  2111  2216  2024
B1_001  2010  1838   934 -9999
B1_005  1966   677  1380   888   684
B1_005  1970  1046  1230  1280  1406  1642  1208  1462  1583  2031  2040
B1_005  1980  1633  1960  2224  1963  1486  1149  1571  1603  2914  2833
B1_005  1990  2351  1505  1650  1376  2775  1949  2075  1617  1690  1918
B1_005  2000  2124  1228  1193  2433  1689  1488  1586  1462  1583  2262
B1_005  2010  1345   186 -9999
B1_007  1971   358   317   338   528   697   783   739   978  1182
B1_007  1980  1091  1072  1263  1227  1132  1002  1856  1642  2894  2539
B1_007  1990  1979  1621  2000  1673  2966  1947  2696  2820  3235  2826
B1_007  2000  2877  2222  2454  2903  2196  2194  2817  2094  1693  2535
B1_007  2010  2157   241 -9999
B1_085  1977     1   222   581
B1_085  1980   553   938   414   429   532   461   471   360   578   574
B1_085  1990   510   700   753   448   590   799   719   783   588   770
B1_085  2000   679   750   446   538   527   611   745   522   839  1063
B1_085  2010  1151 -9999
B1_086  1909    11
B1_086  1910   623   279   465   227   408   412   217   220   145   212
B1_086  1920   478   148   524   226   358   308   635   657   827   536
B1_086  1930   623   786   721   580   514   431   785   421   617   831
B1_086  1940  1052   796   805  1121  1189  1033  1076   902  1026   872
B1_086  1950  1310  1144   711  1126   940   818  1160  1200  1094  1060
B1_086  1960  1189  1147   860   958   818  1148  1026  1329   867  1115
B1_086  1970  1376  1735  1179  1290  1086   868   716   868  1015  1005
B1_086  1980   772   770  1078   924   789   790   744   725  1047  1287
B1_086  1990   976   764   755   722  1344   903   885   983  1067   919
B1_086  2000  1150   776   629   861   585   474   600   636   697   951
B1_086  2010   949 -9999
B1_091  1903     4   499  1215  1649   785   836   695
B1_091  1910   446   593   686   400   414   452   371   327   324   620
B1_091  1920   248   568   574   348   447   559   461   578   541   479
B1_091  1930   531   628   423   367   315   348   339   474   778  1011
B1_091  1940  1003  1080  1160  1160  1390  1158   918  1161   918   798
B1_091  1950  1169  1228   796  1357  1173  1165   973   809   857   950
B1_091  1960  1123  1175   887   920   841   935  1016   975   574   567
B1_091  1970   948   805   616   817   702   682   667   609   578   818
B1_091  1980   615   545   812   679   847   710   556   827   792   914
B1_091  1990   726   398   480   413  1134   997  1042   984   867   863
B1_091  2000  1253   917   779   976   722   569   642   727   648   827
B1_091  2010   726    69 -9999
B1_092  1940   424   985   694   561   848   917   943  1207  1132   753
B1_092  1950  1421  1223   834  1685  1989  1926  1650  2319  2126  2025
B1_092  1960  2188  2581  1864  2279  2092  1741  2015  2207  2039  1348
B1_092  1970  2711  2264  1255  2495  2259  2270  1826  1755  2301  2699
B1_092  1980  2071  1808  2078  2085  2676  1758  1717  2391  3248  3709
B1_092  1990  3303  2508  2104  1687  3924  2246  2787  1957  2461  1804
B1_092  2000  2892  1988  1519  2256  1565  1451  1701  1771  1565  2091
B1_092  2010  2472   801 -9999
B1_093  1946   590  1806  2434  1635
B1_093  1950  2263  2219  1305  1693  2633  2608  2916  3006  2763  2717
B1_093  1960  2623  2045  1708  2079  2003  2429  2520  3147  2457  2277
B1_093  1970  3445  2540  2199  2824  3216  2545  2531  3182  3341  3870
B1_093  1980  3320  2633  3832  3337  3866  2633  2750  2977  3156  3327
B1_093  1990  3005  2646  2580  1988  3302  2730  2737  2758  3489  3045
B1_093  2000  3553  2728  2491  2977  2119  2174  2716  2422  1663  2238
B1_093  2010  1795   191 -9999
B1_094  1944   890  2389  3700  2382  1932  1006
B1_094  1950  1687  1475   796  1777  1582  1565  1457  1478  1469  1527
B1_094  1960  1395  1182   985  1208   926  1127  1022  1010   624   688
B1_094  1970  1144  1217   688  1010  1062   621   663   592   814   804
B1_094  1980   539   560   894   581   646   547   558   761   794   842
B1_094  1990   773   358   663   382  1110   708   794   666   667   816
B1_094  2000   847   783   624   771   421   397   494   568   508   687
B1_094  2010   486   180 -9999
B2_021  1919   192
B2_021  1920   416   358   231   150   233   317   359   364   676   904
B2_021  1930   824   826   662   751   580   990  1137   983  1173  1358
B2_021  1940  1484  2431  1638  2014  2095  1612  1435  1165  1294  1182
B2_021  1950  1226  1281   903  1218  1327  1475  1259  1418  1378  1689
B2_021  1960  2013  2341  1727  1683  1725  1632  1769  1859  1755  1579
B2_021  1970  2486  1926   858  1655  1335  1742  1738  1948  2169  2126
B2_021  1980  2143  1993  2238  1763  2222  1909  1537  2556  3088  3895
B2_021  1990  3443  2048  2045  1404  2559  1758  2094  1324  1854  1164
B2_021  2000  1589  1550  1526  2147  1434  1135  1797  1743  1300  1972
B2_021  2010  1887 -9999
B2_044  1944   732  1112   798   756   759   471
B2_044  1950   594   535   519   758  1121  1394  1040  1025   886   968
B2_044  1960  1138  1612  1325  1687  1691  2626  2414  2054  1523  1471
B2_044  1970  3197  2258  1753  3133  2919  3101  3634  3537  3797  4127
B2_044  1980  3962  3329  2994  3690  4156  3264  2695  3023  3234  4882
B2_044  1990  3604  2693  2328  1712  5048  3048  3773  3162  4550  3408
B2_044  2000  4448  4059  3008  4807  3128  2985  3915  3833  3191  4170
B2_044  2010  3630   455 -9999
B2_049  1941  2530  1791  3357  3079  2566  1887  1809  2595  3083
B2_049  1950  2233  1659   704  1762  1542  1965  1898  1706  1078   983
B2_049  1960   647   942   738   649   445   232   377   360   332   301
B2_049  1970   375   329   340   903   812  1002   717   747  1067   207
B2_049  1980   209   157   150   130   551   480   730   506   493  1074
B2_049  1990   978   980   729   269   280   196   155   468   501   800
B2_049  2000   697   358   600   769   693   547   697   732   634   499
B2_049  2010   388   489 -9999
B3_554  1964  1016  1011   931  1177   753  1083
B3_554  1970  1134  1211   952  1348  1203  2053  2214  2132  2132  2170
B3_554  1980  2119  2167  2452  2413  2084  2244  2235  1439  2524  3471
B3_554  1990  2952  2487  2237  1877  2877  3031  3531  3194  3880  3699
B3_554  2000  4091  3026  2102  2869  3138  2550  3424  2597  1923  3205
B3_554  2010  2747   247 -9999
C1_127  1668   164   214
C1_127  1670   414   385   152   369   309   153   301   354   351   333
C1_127  1680   323   414   471   463   602   469   734   611   433   748
C1_127  1690   419   561   376   265   361   332   150   321   326   224
C1_127  1700   244   123   151   225   144   188   203   224   257   218
C1_127  1710   189   145   321   263   265   205   310   225   433   461
C1_127  1720   347   350   371   537   527   286   678   469   471   392
C1_127  1730   453   488   422   291   311   433   438   275   344   154
C1_127  1740   117   214   106   210   154   126   169   172   128   143
C1_127  1750   221   177   140   173   200   224   224   265   612   550
C1_127  1760   367   365   433   189   250   282   246   210   274   411
C1_127  1770   518   229   267   254   261   233   109   103   212    67
C1_127  1780   159   116   230   141   132   163   175   192   380   232
C1_127  1790   203   137   211   186   317   207   379   251   399   351
C1_127  1800   317   205   402   362   332   291   146   196   106   129
C1_127  1810   218   144   216   432   184   137   101   115    91   132
C1_127  1820   126    88    88    88    81    71   126    74    88   144
C1_127  1830   193   150   186   139   143   122    94    90   117   104
C1_127  1840   156    55    67   156   121    76   222   179   261   249
C1_127  1850    91   234   164   151   123   164   151    81   165   108
C1_127  1860   190   191   210   233   317   148   258   249   169   169
C1_127  1870   274   216   268   183   182   190   191   137   109   142
C1_127  1880   109   156   128   152   109   138   188    75   157   100
C1_127  1890   182   118   146   163    98   139   190   146   148    98
C1_127  1900   195   150   110   115   158   203   569   328   489   233
C1_127  1910   211   215   248   253   172   146   153   199   194   227
C1_127  1920   158   185   225   190   186   253   119   102   105   152
C1_127  1930   162   186   212   280   286   430   422   333   413   451
C1_127  1940   496   582   528   685   652   637   584   532   334   482
C1_127  1950   499   475   444   744   456   352   252   357   255   356
C1_127  1960   294   300   251   263   317   294   245   372   233   200
C1_127  1970   425   261   169   334   267   324   227   303   346   367
C1_127  1980   218   219   355   293   441   349   214   353   333   374
C1_127  1990   318   137   156   132   280   256   277   245   310   323
C1_127  2000   356   277   239   215   273   200   253   370   246   329
C1_127  2010   247 -9999
C1_129  1884   546   788   421   586   464   778
C1_129  1890  1572  1739  1690  1480   913  1396  1101   949  1183   610
C1_129  1900   778   862   420   592   782   783  1143  1035  1388  1141
C1_129  1910  1134  1319  1051  1105   886   680   688   804   934  1278
C1_129  1920   630   752  1056   711   589   650   528   833  1138   948
C1_129  1930  1022  1334  1451  1367  1005  1459  2556  1917  1979  2123
C1_129  1940  2031  2083  1678  2046  2076  1802  1175  1606  1762  2131
C1_129  1950  1763  2115  1182  1763  2108  2265  2190  2319  2272  2242
C1_129  1960  2059  1704  1514  1779  1334  1881  1629  2015  1554  1273
C1_129  1970  1479  1385   676  1273  1361  1458  1318  1118  1057  1116
C1_129  1980   822   632   652   824   978   919   759   995   670  1072
C1_129  1990   786   559   599   429   900   979  1273  1312  1498  1278
C1_129  2000  1657  1158   853  1108   894   774   869  1169   819  1198
C1_129  2010   958 -9999
C1_156  1727  1422  1184   666
C1_156  1730   336   378   261   212   169   386   788  1256  1324  1157
C1_156  1740   553   800   310   124   161   125   125   158   189   306
C1_156  1750   461   323   417   296   376   250   163   139   205   279
C1_156  1760   140   154   182   178   229   373   168    75    96   103
C1_156  1770    73   151    90   111    89   119   326   288   136   178
C1_156  1780   263   177   187   183   137   115    89   231   210   101
C1_156  1790   160   106   113   208   126    77    51    83    79    88
C1_156  1800    95   126   210   138    97   129   131   100   121    89
C1_156  1810   143   140   168   217   147   187   291   118   151   183
C1_156  1820   169   152   240   246   119   182   130   124   185   205
C1_156  1830   147   165   170   160   223   249   288   184   107    54
C1_156  1840   165    83   144   333   254   147   193   194   189   199
C1_156  1850    96   237   225   180   189   273   291   190   240   188
C1_156  1860   337   248   235   258   226   218   226   162   212   254
C1_156  1870   332   310   359   247   229   254   152   113    70   204
C1_156  1880    91   170   218   296    98   201   187   148   148   106
C1_156  1890   176    99   106    91    92    85   134    92    85    56
C1_156  1900    77   112    56   130   266   203   238   217   266   233
C1_156  1910   261   242   347   378   315   140   215   238   303   324
C1_156  1920   190   203   289   155   169   169   134   120   106   198
C1_156  1930   183   205   211   268   280   408   552   416   364   332
C1_156  1940   480   338   472   578   522   622   417   580   613   568
C1_156  1950   684   725   438   660   580   521   408   641   710   754
C1_156  1960   837   748   501   618   757   618   583   534   441   446
C1_156  1970   953   495   262   625   573   672   635   747  1074   869
C1_156  1980   716   674   803   821  1001   616   559   504   497   438
C1_156  1990   252   150   197   194   342   298   302   223   267   274
C1_156  2000   442   578   676   655   476   598   712   898   792   647
C1_156  2010   463    61 -9999
C2_052  1871   625   684   415   242   280   460   244   169   118
C2_052  1880    72   211   148   257   337   523   607   504   461   565
C2_052  1890   576   535   684   748   556   706   579   639   536   247
C2_052  1900   439   523   293   502   774   827  1132   824  1183   825
C2_052  1910   801   887   591  1520  1715  1921  1311  1648  1715  1384
C2_052  1920   482   841   948  1053   863  1139  1170  1086  1396  1037
C2_052  1930  1164  1650  1481  1693  1841  2137  3131  2381  2023  2514
C2_052  1940  2625  3440  2520  2722  3340  2900  2647  2335  2660  2812
C2_052  1950  2286  2248  2528  2742  2479  2541  2621  2282  1688  2489
C2_052  1960  2857  2835  2111  2381  1983  1947  1880  1874  1567  1202
C2_052  1970  2444  1757  1153  1887  1597  1624  1609  1531  1328  1515
C2_052  1980  1188   969  1244  1131  1498  1208   993  1422  1250  1301
C2_052  1990  1116   570   530   421  1048   758   809   783   819   758
C2_052  2000  1016  1016   877   997   855   828  1188  1149   894  1167
C2_052  2010   974   177 -9999
C3_075  1949   789
C3_075  1950  4002  3217  4018  5106  5538  3090  2789  3389  2760  3054
C3_075  1960  3120  1800  2099   142  2320  1645  1341  1572  1687  1320
C3_075  1970  2724  2425   995  2141  2105  1986  1697  1527  1397  1290
C3_075  1980   868   692  1026  1240  1599  1222  1074  1518  1714  2098
C3_075  1990  1444  1244  1135   345  1013   843  1066   981  1041  1202
C3_075  2000  1292  1288  1117  1618  1411  1257  1290  1170   875  1258
C3_075  2010   851 -9999
C3_097  1928  1283  1771
C3_097  1930  1624  1523  1221  1155  1413  1605  1473  1143  1382  1325
C3_097  1940  1250  1277  1207  1282  1548  1572  1132  1581  1250  1051
C3_097  1950  1374  1356   701  1812  1675  1601  1210  1203   973   946
C3_097  1960   916  1010   892  1152  1208  1692  1402  1550   663   560
C3_097  1970  1327   394   207   569   570   606   605   751   913   942
C3_097  1980   971   946  1098   951  1206   571   635   889  1036  1336
C3_097  1990  1077   506   505   650  1063   911  1043   639   629   349
C3_097  2000   848   744   601   722   622   670   752   655   476   730
C3_097  2010   490 -9999
D1_067  1937    34  1153  2017
D1_067  1940  2586  2612  1772  2715  2778  3265  3201  3088  3623  2866
D1_067  1950  3489  3276  1829  2465  2620  3005  2371  2595  2673  1999
D1_067  1960  2156  1019  1563  2103  1549  2320  1570  1488  1325  1219
D1_067  1970  1591  1562   596  1157   897  1142  1072  1350  1384  1135
D1_067  1980   981   875   804   911   795   533   482   977  1230  1333
D1_067  1990  1152   630   591   566   836   684   683   473   422   464
D1_067  2000   717   461   618   533   531   594   717   518   396   678
D1_067  2010   736   359 -9999
D1_068  1967    68    97   125
D1_068  1970   270  1604   795   870   721  1073  1082  1258   958   961
D1_068  1980  1202  1425  1699  2346  1963  1703  1228  2398  2796  3155
D1_068  1990  2516  1737  2137  1577  2556  1078  1402  1834  2414  2256
D1_068  2000  2239  1730  1376  2405  1937  1869  2356  2223  2089  2644
D1_068  2010  2852 -9999
D1_172  1973   986   936  1469  1523  1927  1773  1344
D1_172  1980  1843  1606  1837  2265  2030  2043  2207  2455  2514  3326
D1_172  1990  3208  2525  2959  2048  3533  2919  3723  1705  3188  2996
D1_172  2000  3668  3062  2378  3547  3330  3633  4053  3185  3259  4035
D1_172  2010  3840  1001 -9999
D2_024  1957   162   273   339
D2_024  1960   417   965   623  1069   630   797   702   777   906   624
D2_024  1970  1251   990  1033  1460  1218  1656  1915  2024  2048  2728
D2_024  1980  2453  2050  3222  3807  2851  2513  2829  2934  3059  3903
D2_024  1990  3767  2406  2930  2616  4777  3450  4823  3817  4327  2754
D2_024  2000  3389  2301  2111  3042  2776  3114  3807  3975  3368  4759
D2_024  2010  4770   940 -9999
D3_121  1926   715  1590  1421  1333
D3_121  1930  1477  1101  1336  1427  1150  1632   924  1035  1471  1425
D3_121  1940  1569  2184  1932  1707  2229  3161  1875  1278  1489  1003
D3_121  1950  1132  1363  1371  1639  2041  2423  2234  3276  2907  2728
D3_121  1960  1965  3054  2349  3044   642  1186  1552  2800  2564  2121
D3_121  1970  4143  1654  1206  3336  3240  1614  2824  1232  2464  3048
D3_121  1980  2821  1933  2688  2722  1947  1861  1799  2127  4557  2553
D3_121  1990  2116  2370  2171   698   636  3130  4126  3617  6402  4093
D3_121  2000  4258  2305  1489  3061  2811  1844  2448  2972  2234  2058
D3_121  2010  4117   501 -9999
D3_135  1964   390  1709  1522  2634  2567  2166
D3_135  1970  3971  1759  1152  3283  3186  1679  2810   928  2523  3263
D3_135  1980  2777  1871  2660  2578  1960  1798  1711  2222  4403  2481
D3_135  1990  1934  2356  2174  1241  3148  4082  3656  5888  4058  4227
D3_135  2000  2286  1518  3003  2920  1795  2389  2937  2165  1688   334
D3_135  2010  4104   621 -9999
E3_123  1959    77
E3_123  1960   142   260   292   256   206   479   288   326   370   621
E3_123  1970   431   545   194   371   658   734   722   919   816   871
E3_123  1980  2107  1327   673   946   977   877   963  1374  2188  2016
E3_123  1990  1416  1206  1163  1269  2071  1913  2996  1820  3471  3882
E3_123  2000  3475  2010  2380  2875  2045  3626  5037  4021  3830  6079
E3_123  2010  5768  1419 -9999
A2_080  1966   324  1068   666   494
A2_080  1970   287   204   200    82   203   196   179   167   131   129
A2_080  1980   156   134   125    81   276   186   177   109   604   321
A2_080  1990   394   235   521   373   456   249   270   319   248   217
A2_080  2000   250   253   168   166   307   307   465   542   771   496
A2_080  2010   376   235 -9999
A3_057  1988   331   832
A3_057  1990   636   489   578   523   928   689   790   559   658   425
A3_057  2000   505   508   642  1246   894  1184  2034  1794  1654  2323
A3_057  2010  1539   251 -9999
A3_064  1974   133   424   372   126   217   338
A3_064  1980   310   442   203   322   217   280   345   522   556   684
A3_064  1990   669   775  1115   557  1280   772  1150  1228  1071   747
A3_064  2000  1339  1323  1176  2608  2283  2166  2624  2244  2426  3018
A3_064  2010  2559   669 -9999
A3_066  1948  1413   862
A3_066  1950  1300  1434  1049  1101   772   731   579   508   430   451
A3_066  1960   502   669   452   585   406   339   353   413   489   330
A3_066  1970   512   394   165   398   296   249   263   215   217   271
A3_066  1980   513   309   493   353   415   378   363   677   681   899
A3_066  1990   746   332   415   569   762   514   381   378   564   422
A3_066  2000   618   650   443   873   797   952  1155   714   692   806
A3_066  2010   714 -9999
B1_088  1959   107
B1_088  1960   252   244   374   281   273   336   436   526   603   306
B1_088  1970   615   436   373   550   523   668   610   654   784   691
B1_088  1980   579   595   565   375   294   259   336   724   810   838
B1_088  1990   926   836   589   634   819   456   572   553   623   504
B1_088  2000   383   240   166   258   276   530   412   420   391   508
B1_088  2010   436 -9999
B1_090  1976   191   368   245   208
B1_090  1980   158   132   135   118    86   222   233   377   317   606
B1_090  1990   757   567   653   534   740   373   484   495   573   328
B1_090  2000   458   432   344   699   630  1028  1117   703   704   651
B1_090  2010   552   305 -9999
C1_148  1984  2557   998  2195  1407  1005   854
C1_148  1990   650   400   479   380   708   267   159   372   731   611
C1_148  2000   698   783   423   976   696   611   847   704   571  1148
C1_148  2010   510   204 -9999
C3_077  1964   110   250   247   395   251   277
C3_077  1970   307   346   267   430   336   348   446   475   587   535
C3_077  1980   720   719   621   762   388   409   464   853   804   923
C3_077  1990   973   817   997   904  1463   825   794   646   565   561
C3_077  2000   598   538   488   719   706   901  1219  1086   944  1211
C3_077  2010   907   271 -9999
D3_122  1959    78
D3_122  1960   107   142   120   304   157   269   349   356   213   172
D3_122  1970   192   166   132   222   150   138   136   211   199   341
D3_122  1980   580   499   548   569   434   371   671   809   943   639
D3_122  1990   519   416   646   879  1881  1179  1823  1453  1711  1684
D3_122  2000  1833  1293  1020  2095  1334  2250 -9999
E2_124  1989  1068
E2_124  1990  2492  3131  2287  1110  2921  1378  3060  2376  3103  2086
E2_124  2000  2712  1492  1216  2077  2030  2416  3896  2783  2451  3718
E2_124  2010  4165  1818 -9999
E3_125  1985   249   334   212   249   332
E3_125  1990   406   272   339   332   506   390   712   689  1228   895
E3_125  2000   872  1063   859  1285  1351  1368  2354  2350  3241  4441
E3_125  2010  4390  2316 -9999
H1_144  1967  1020   834   719
H1_144  1970   979   798   717   557   742   864  1102   858  1190   981
H1_144  1980   609   873   941   677  1041  1219   893   884  1052  1086
H1_144  1990   974  1142   910   589  1201   770  1171  1006  1144   953
H1_144  2000  1342   807  1010  1244  1248  1224  1785  2571  2203  3202
H1_144  2010  3054   441 -9999
H1_147  1952   190   247   246   412   201   219   175   308
H1_147  1960   296   197   267   418   860  1330  1338   956   479   593
H1_147  1970   634   787   428   715   966  1311  1439   969  1001   913
H1_147  1980   738  1060  1053  1377  1857  1402  1110  1138  1607  1210
H1_147  1990  1159  1058  1015   614  1268  1105  1581  1643  2492  1991
H1_147  2000  1817  1087  1142  1598   900  1209  1397  1735  2335  2652
H1_147  2010  2049   217 -9999
B2_504  1976    86    63    68    85
B2_504  1980   106   124   132    79    90   105   106   349   293   281
B2_504  1990   326   362   302   242   222   285   556   423   398   254
B2_504  2000   334   453   206   402   233   466   561   539   487   424
B2_504  2010   282   151 -9999
B2_507  1985    65    89   165   148   149
B2_507  1990   161   174   274   155   230   122   184   158   233   251
B2_507  2000   227   332   124   237   325   431   236   176   248   285
B2_507  2010   240    83 -9999
B3_623  1984    89   203   158   119   176   335
B3_623  1990   374   412   692   660   910   591   584  1068  1165   718
B3_623  2000   677   743   823  1228  1122  1355  1905  1348  1234  1270
B3_623  2010  1058   757 -9999
D2_038  1957   163   254   316
D2_038  1960   428   820   720   988   541   688   714   788  1005   565
D2_038  1970  1243   964   950  1403  1169  1656  1880  1983  1961  2705
D2_038  1980  2486  2114  3291  3648  2919  2451  3005  2817  3164  3806
D2_038  1990  3828  2421  2937  2498  4915  3489  4741  3778  4202  2664
D2_038  2000  3386  2309  2072  3015  2705  3144  3870  3836  3244  4704
D2_038  2010  4640   774 -9999
