A1_365  1925   142   166   221   297   120
A1_365  1930    75   243   162    77   353   134   124   113   125   146
A1_365  1940   115   147   188   159   156   202   382   372   373   219
A1_365  1950   465   500   475   330   428   504   388   518   848   523
A1_365  1960   402   463   666   581   296   611   604   434   487   787
A1_365  1970   937   815   825  1322  1113   907  1179  1132  1159   847
A1_365  1980  1139  1834  1707  1748  1381  1044   810   642   476   785
A1_365  1990   640   847  1145  1024  1906  1238  1485  1505  1666  1466
A1_365  2000  1777  1250  1077  1536  1351  1164  1757  1942  1918  1983
A1_365  2010  1709   771 -9999
A1_370  1877   659   514   811
A1_370  1880   747  1017  1993   964  2211  1942  1536   890  1341   834
A1_370  1890  1387  1344  1067  1021   740  1071   906  1291  1658  1015
A1_370  1900  1942  2007  1839  2136  1513  1786  1839  2093  2454  2262
A1_370  1910  1524  2159  1524  1863  1608  1777  1499  1690  2007  1479
A1_370  1920  2089  1390  1980  1392  1582  1708  1707  2107  2360  1749
A1_370  1930  1854  1915  1973  1006  1196  2102  2081  1952  2052  1122
A1_370  1940  1428  1386  1263  1180  1245  1607  1599  1531  1717  1556
A1_370  1950  1946  1508  1078  1432  1216  1651  1443  1186  1526  1241
A1_370  1960  1318   929   962  1111  1055  1096  1052  1133   760  1168
A1_370  1970  1620  1149   797  1393  1170  1172  1103  1274  1344   955
A1_370  1980  1097  1177  1030  1335  1070   952  1150  1433  1123  1247
A1_370  1990   749   792  1016   710  1260  1064  1123   769  1017   812
A1_370  2000   957   666   683   897   627   830   921   924  1018  1205
A1_370  2010  1023   174 -9999
A3_355  1896   909  1814  2132  1182
A3_355  1900  1401  1147  1201  1798  1164  1730  1585  1943  2200  2187
A3_355  1910  1122  1788  1583  2232  1868  1753  1545  1481  1607  1184
A3_355  1920  1375  1584  1985  1246  1052  1809  1471  1531  1687  1498
A3_355  1930  2068  1815  1300  1309  1582  1925  2094  1418  1841  1672
A3_355  1940  1917  2021  1403  2223  2345  1804  2497  2112  1812  2383
A3_355  1950  2750  2157  1831  1857  1527  1998  2004  1120  1249  1294
A3_355  1960  1762  1757  1270  1601  1158  2424  2718  1597  1655  3073
A3_355  1970  4152  2882  2760  2490  2544  2890  3507  5101  3869  2599
A3_355  1980  2801  2747  1621  1935  1895  1891  1864  1809  2762  3907
A3_355  1990  2520  1929  1846  1265  2814  2547  2157  2485  2775  2534
A3_355  2000  3077  2340  1496  2169  1381  1559  1838  1268  1182  1456
A3_355  2010  1392   453 -9999
B1_357  1657   210   251   216
B1_357  1660   261   393   359   351   378   357   254   169   359   359
B1_357  1670   459   561   455   610   464   962  1408  1013   903   506
B1_357  1680   439   336   420   485   379   401   528   613   338   544
B1_357  1690   232   274   359   550   931   971   529   804   971   928
B1_357  1700   800   757   694   526   652   650   770   720   694   751
B1_357  1710   629   588   708   383   570   496   604   689   774   565
B1_357  1720   624   644   435   786   765   248  1310   777   930   930
B1_357  1730   996   954   951   826   906  1185  1062   661   917   807
B1_357  1740   776  1108   616   631   794   807   565   783   402   804
B1_357  1750   581   402   504   607   449   776   786   798   702   833
B1_357  1760   488   652   719   550   804   761   423   448   353   594
B1_357  1770   864   590   870   767   497   939   712   501   791   706
B1_357  1780   831   334   456   706   438   439   314   315   462   420
B1_357  1790   548   443   507   464   549   337   590   654   737   780
B1_357  1800   780   337   568   672   440   399   357   273   274   463
B1_357  1810   379   380   296   423   209   275   147   251   293   316
B1_357  1820   187   357   316   250   190   126   187   211   272   188
B1_357  1830   271   292   253   167   231   228   336   230   186   145
B1_357  1840   311   333   440   356   378   211   313   295   313   296
B1_357  1850   294   271   255   440   401   167   276   251   210   255
B1_357  1860   315   254   275   255   211   294   359   255   233   233
B1_357  1870   169   231   230   231   271   275   189   355   231   189
B1_357  1880   381   209   337   234   169   380   462   381   232   190
B1_357  1890   254   211   233   486   484   423   571   444   361   296
B1_357  1900   296   317   233   254   254   233   339   254   254   275
B1_357  1910   231   235   465   443   529   214   548   616   506   404
B1_357  1920   422   233   273   381   401   740   486   337   316   402
B1_357  1930   358   402   338   383   360   696   571   614   586   336
B1_357  1940   417   460   313   800   504   570   485   438   360   316
B1_357  1950   546   340   357   635   487   634   423   529   423   382
B1_357  1960   399   359   296   487   340   565   399   440   213   334
B1_357  1970   676   106   105   466   251   568   210   275   292   254
B1_357  1980   363   275   275   251   362   399   426   357   529   468
B1_357  1990   296   147   275   254   402   486   504   273   502   380
B1_357  2000   334   315   229   311   164   307   397   313   370   507
B1_357  2010 -9999
B1_358  1911  1037  1523  1642  1702  1166  1333  1745  2268  1550
B1_358  1920  1930  1288  1416  1355  1657  2080  1753  1905  1956  1562
B1_358  1930  1481  1248  1623  1307  1387  1910  2092  2217  2336  1418
B1_358  1940  2229  2474  2218  2309  2824  2597  2030  2493  2489  2626
B1_358  1950  2375  1594  1325  2112  1607  1905  1322  1280  1725  1432
B1_358  1960  1496  1438  1100  1079   868   994  1101  1312   889   993
B1_358  1970  1415   886   673  1366  1566  2005  1889  2032  1777  1330
B1_358  1980  1715  1415  1183  1273  1054  1253  1393  1418  1418  1338
B1_358  1990   922   757  1182  1013  1308  1458  1523  1107  1487  1182
B1_358  2000  1561  1328   907  1265  1116  1095  1518  1478  1583  1541
B1_358  2010  1267   298 -9999
B1_359  1937   395   925   420
B1_359  1940   736   889   868  1410  1172   880   671   756   884   687
B1_359  1950   872   781   825   952   952  1122   783   614   899   852
B1_359  1960  1056  1075  1125  1302  1472  1702  1808  2047  1015  1870
B1_359  1970  2395  1299  1057  2324  1684  1723  1301  1277  1474  1473
B1_359  1980  1856  2555  2343  2412  2074  1246  1100   888   994  1376
B1_359  1990  1305  1051  1149  1103  1998  1790  1785  1778  1627  1156
B1_359  2000  1518   948   674   970   760  1138  1645  1224  1264  1500
B1_359  2010  1120   457 -9999
B1_361  1931  1453  1778   901  1615  2074  1293   703  1087   688
B1_361  1940  1035   663   681  1212  1749  1072   940  1033  1566  1619
B1_361  1950  1866  1550   973  1352  1526  1937  1588  1552  2041  1404
B1_361  1960  1550  1155  1152  1387  1359  1157   855  1013   684  1097
B1_361  1970  1065   711   606   986   815   827   790   728  1031   868
B1_361  1980   910  1000   944   985   829   782   759   668   732  1019
B1_361  1990   825   515   798   841  1110  1075  1251  1016  1097  1326
B1_361  2000  1277  1078   910  1089   856   846  1356  1536  1575  1762
B1_361  2010  1318   895 -9999
B1_362  1859    17
B1_362  1860  1059  1618  1561  1613  1392  1205  1577   767  1356  1567
B1_362  1870  1506  1332  1684  1656  1498   614  1267  1427  1280  4898
B1_362  1880  2318  1608   569   364   429   416   733   653  1623  1607
B1_362  1890  2008  2406  1857  2146  1299  1658  1594  1973  2284  1862
B1_362  1900  2414  2749  2483  2795  1788  2797  1955  2207  2128  2135
B1_362  1910  1394  1686  1581  2135  2094  1862  2293  2210  2498  2039
B1_362  1920  2316  1214  1451  1063  1561  2154  1868  1948  1840  1531
B1_362  1930  1816  1638  1515  1168  1350  1632  1852  2046  2126  1188
B1_362  1940  1688  1582  1860  2958  2765  1786  1664  1793  2047  1583
B1_362  1950  1692  1142   867  1460  1185  1206   931   698   762   720
B1_362  1960   847   697   613   720   572   696   888   762   527   947
B1_362  1970  1181  1073   715  1094  1030  1306  1348  1366  1318   904
B1_362  1980  1137   982   957  1117   828   957   948  1253  1402  1080
B1_362  1990   751   630   795   663   913   900   998   721   830   556
B1_362  2000   907   751   498   730   538   715   829   756   800  1017
B1_362  2010   874   469 -9999
B2_060  1972   402   634   740  1100   991  1183  1220   989
B2_060  1980  1051  2780  1835  1618   948   667   970  1013  1036  1776
B2_060  1990  1269   973  1269  1417  1607  1120  1162   993  1095   990
B2_060  2000  1287   865   677  1185  1306  1101  1375  1629  1660  1830
B2_060  2010  1455   720 -9999
B2_070  1900   183   289   477   246   671  1431   872   737  1423   646
B2_070  1910  2854  3643  2219  1319  1195   867   375   380   808   394
B2_070  1920   167   538   437   522   727   228   559   584   751   525
B2_070  1930   714   747   168   146   148   271   736   795  1262  1138
B2_070  1940  1349  1439  1795  2173  1312  1141  1085  1338  1420  1566
B2_070  1950  2537  1678  1777  1931  1333  1796  1604  1936  2597  1576
B2_070  1960  1522   968  1295  1406  1398  2085  2518  2152   564   966
B2_070  1970  1257   719   406   826   823  1260  1448  1929  2398  1791
B2_070  1980  1781  1745  1514  2022  1397  1167  1259  2077  2314  3208
B2_070  1990  1720  1436  1308  1034  2566  2114  2239  1407  1894  1528
B2_070  2000  2612  1831  1119  2184  1753  1969  2310  1879  1791  2375
B2_070  2010  1855 -9999
B2_073  1938   769  1326
B2_073  1940  1533  1585  1249  1654  1727  1311  1503  1406  1672   952
B2_073  1950  2053  1641  1068  2010  2011  2159  1651  1736  2349  1672
B2_073  1960  1884  1651  2032  2264  1884  2920  2879  2582  2434  2960
B2_073  1970  3147  1987  2159  2603  2878  2665  2515  3656  3211  2596
B2_073  1980  2778  2878  2431  2728  2371  2201  2497  2285  2434  3154
B2_073  1990  2241  1923  1733  1796  2744  2341  2183  1677  1884  2113
B2_073  2000  2134  1546  1355  1893  1521  1580  1726  1880  1810  2092
B2_073  2010  1694   643 -9999
B2_075  1971   592   582   749   689  1077  1044  1155  1544  1111
B2_075  1980  1434  2084  1270  1365   692   669   940  1064  1333  1484
B2_075  1990  1394  1175  1630  1775  2058  1685  2103  1927  2397  2097
B2_075  2000  2275  2019  1685  2962  2789  3208  3384  2870  3132  3659
B2_075  2010  3109  1358 -9999
B3_375  1890  1709  2196  1713  2245  1572  1454  1744  1336  1731  1314
B3_375  1900  2063  2262  1915  2030  1690  1793  1228  1460  1333  1502
B3_375  1910  1143  1587  1291  1269  1163  1093  1113  1121  1248  1079
B3_375  1920  1375   613  1140   867  1100  1734  1311  1412  1275  1438
B3_375  1930  1312  1143  1122  1143   719  1161  1439  1100  1183   676
B3_375  1940  1205  1015   971  1140  1330  1204   782  1014  1267  1180
B3_375  1950  1452  1558  1051  2406  1710  1201  1112   649   754   860
B3_375  1960  1011  1013   931   762   825  1016   974   995   571   635
B3_375  1970  1376   804   417  1015   875  1105  1371   868  1079   804
B3_375  1980   762   825   614   677   635   825   741  1143   614   995
B3_375  1990   952   338   249   174   634   592   782   528   380   443
B3_375  2000   632   589   483   588   441   374   444   798   672   861
B3_375  2010   503    99 -9999
C1_414  1964   105   299   421   297   190   339
C1_414  1970   232   318   127   614   232   550   616   889   993   593
C1_414  1980   971  1739  1456  1423   799   634   889  1211  1773  2307
C1_414  1990  1947  1255  2135  1494  3301  2308  2698  2455  2578  2363
C1_414  2000  3376  2812  2201  3492  3037  3440  4342  3455  4035  5666
C1_414  2010  5512  1922 -9999
C3_406  1956   294   187   295   325
C3_406  1960   244   212   331   348   283   380   415   439   313   311
C3_406  1970   558   729   599   462   640   961  1053  1410   953   697
C3_406  1980   844   926   968   971   698   741   952  1185  1333  1903
C3_406  1990  1564  1142  1714  1185  1905  1564  1799  1387  1567  1284
C3_406  2000  1416  1227  1066  1752  1541  1911  1969  1885  1842  2101
C3_406  2010  1540   886 -9999
C3_407  1935   887  3501  4767  3335  2439
C3_407  1940  2264  2443  2043  2841  2978  3436  1873  3575  4356  4664
C3_407  1950  4482  3730  2985  3467  3432  3680  2705  2921  2408  1853
C3_407  1960  2556  1807  1750  2278  2451  2113  2357  2133  1787  2358
C3_407  1970  3004  2178  1664  2079  2260  1870  3155  3373  2820  2587
C3_407  1980  2713  2678  2004  2168  1867  1461  2003  1853  2594  4015
C3_407  1990  2046  1567  1840  1966  2802  2649  2989  2669  3327  2938
C3_407  2000  4060  2355  1511  2876  2092  2637  3462  2955  3246  3670
C3_407  2010  2840  1236 -9999
C3_408  1938  1333  2831
C3_408  1940  5125  6359  4081  3143  4424  4262  2788  5572  3556  4588
C3_408  1950  4820  4861  3635  3969  4576  4823  3573  3332  4305  2808
C3_408  1960  3104  3514  2622  2713  2960  2658  2153  2471  1734  1684
C3_408  1970  2749  1798  1370  1947  2919  2742  2912  3415  3692  2613
C3_408  1980  2618  2623  2412  2241  2746  2328  2532  2201  2613  3372
C3_408  1990  1905  1625  1413  1080  1854  1910  1575  2187  2837  1945
C3_408  2000  2390  1946  1316  1854  1751  1565  2603  2013  1905  2002
C3_408  2010  1355 -9999
D1_194  1966   526   613   238   380
D1_194  1970   374   269   135   262   296   632   747   713  1005   710
D1_194  1980  1041  1049   894  1042   792   685   792  1094  1426  1673
D1_194  1990   985   751  1089  1267  2129  1585  1705  1394  1959  1573
D1_194  2000  1982  1381  1123  1798  1304  1593  2208  1724  1684  1780
D1_194  2010  1668   797 -9999
D1_195  1938  2486  1987
D1_195  1940  2928  3854  2477  2405  2606  2036  1685  2539  2517  3491
D1_195  1950  3190  2891  1816  2482  2085  2265  1904  1892  2573  2231
D1_195  1960  2431  2155  2155  2514  1924  1354  1924  1729  1390  1949
D1_195  1970  2928  1859   793  2086  2114  2442  2439  2496  2390  1594
D1_195  1980  1567  1226  1441  2036  2174  1730  1859  1945  2051  2203
D1_195  1990  1429   926  1236   880  1714  1756  1820  1798  2011  1439
D1_195  2000  1947  1544  1185  1964  1393  1329  1629  1460  1545  1374
D1_195  2010  1373   292 -9999
D1_535  1982   618  1419  1378  1192  1330  1864  1747  2566
D1_535  1990  2161  1219  1450  1374  2265  1586  1906  1450  2094  3110
D1_535  2000  3507  1690  1562  2537  2222  2984  3690  2384  3211  3148
D1_535  2010  3269  1386 -9999
D2_531  1936  1753  2254  2310  2649
D2_531  1940  2655  2803  2725  2852  3666  3681  3302  3187  3278  3066
D2_531  1950  4464  3445  2014  3130  2056  2314  2992  3239  3417  3175
D2_531  1960  2947  3136  2017  2893  3018  2809  3128  3698  1778  2411
D2_531  1970  3442  2070  1434  3036  2943  2994  3221  3744  3409  3089
D2_531  1980  3168  3036  2961  2817  3318  3106  2714  2318  4471  5036
D2_531  1990  3179  2608  1966  1763  3324  2683  2358  2776  3004  3720
D2_531  2000  3905  2556  2327  3062  1845  2220  2817  2669  2489  2360
D2_531  2010  2629   974 -9999
D3_404  1990  1143  1624  1874  1454  2089  1707  2336  2078  3621  3748
D3_404  2000  4897  3635  2918  3865  3323  4863  5895  5333  5007  5011
D3_404  2010  6732  3039 -9999
E2_056  1961   782  1349  1062   980  1265  1226  1316  1096  1125
E2_056  1970  1871  1431  1131  2002  2426  2548  3694  3753  3143  3153
E2_056  1980  2331  2651  2243  2880  2952  2318  1888  2222  2744  3631
E2_056  1990  2752  2812  2142  2359  3852  3602  3397  3135  4768  3774
E2_056  2000  4171  2457  1631  2921  2633  3053  3890  3358  2840  3740
E2_056  2010  3904   773 -9999
E2_057  1975   197   571   522   621   458
E2_057  1980   522   684   655   817   518   487   737  1212  1639  1875
E2_057  1990  1837  2077  2270  2592  4107  2114  3372  2893  3529  3938
E2_057  2000  5119  3184  2669  4891  4132  5452  7178  5610  5892  7058
E2_057  2010  4978  2041 -9999
E2_138  1969   888
E2_138  1970  1481  1142   771  1058   783   889  1248  1640  1978  2116
E2_138  1980  2097  1419  1673  2089  1847  1741  1701  2388  3246  3291
E2_138  1990  3219  3051  2537  1827  2933  3122  3864  3961  5038  3089
E2_138  2000  4324  2601  1940  2573  2157  2279  2718  1808  1853  1749
E2_138  2010  1211 -9999
E2_139  1980   537  1275  1038  1091   580   737   675  1335  1588  1727
E2_139  1990  2217  2181  2167  1330  3209  2368  3256  3085  3019  3389
E2_139  2000  3995  2268  2243  3879  2830  2714  3573  4389  4058  4813
E2_139  2010  4675  1242 -9999
E3_198  1978   447   533
E3_198  1980   626  1542  2373  2374  1516  1511  1047  1211  2237  3409
E3_198  1990  3521  2819  3135  3193  5726  2704  4461  3865  4708  3363
E3_198  2000  5172  3338  3058  3950  3069  4540  6348  4920  4447  5005
E3_198  2010  5390  1437 -9999
E3_199  1976   532  1213  1120  1705
E3_199  1980  1799  1248  1057  1473  1077  1203  1934  2610  3604  3642
E3_199  1990  3220  3224  1759  1732  2448  1560  3818  3494  5689  3688
E3_199  2000  4841  3931  2959  4081  2843  3320  4614  4643  4969  5578
E3_199  2010  5562  1391 -9999
F2_176  1976   210   397   710   504
F2_176  1980   421   456   635   507   377   341   657   970  1207  1374
F2_176  1990  1821  1525  1248  1330  2384  1706  2639  2075  2788  3084
F2_176  2000  2549  2004  1904  2752  2561  2602  2475  2602  2968  2674
F2_176  2010  2731   803 -9999
F2_177  1967   169    85   211
F2_177  1970   273   211   482  1516   837   723  1147   895  1280  1294
F2_177  1980  1622  1630  1716  1680  1315  1284  2392  2540  4470  5732
F2_177  1990  4445  3432  3575  2667  6175  3212  4554  3764  4272  4106
F2_177  2000  4741  3683  2771  4570  2857  3704  4170  3529  4324  4760
F2_177  2010  4364  1249 -9999
F2_178  1981   211  1470  1436  1050  1319  1516  2114  3273  4058
F2_178  1990  3061  2691  2605  2289  4853  3439  3993  3249  3780  4948
F2_178  2000  6720  3992  2112  3080  2904  3867  5396  4588  5269  6432
F2_178  2010  4796  2368 -9999
F2_179  1978   457   656
F2_179  1980  1016  1046  1696  1792  1476  1294  1624  1392  2244  1989
F2_179  1990  1354  1441  1389  1585  3009  1145  2023  1585  1578  2378
F2_179  2000  2469  1404  1689  2481  1751  1716  2372  2822  2976  2990
F2_179  2010  2481  1630 -9999
F2_181  1969   188
F2_181  1970   363  1121   923  1194  2060  2893  3280  2566  2539  2665
F2_181  1980  2440  3056  2660  2823  2662  1562  1600  1866  3560  5135
F2_181  1990  2609  2413  2531  2594  4196  2318  3204  2146  2298  2320
F2_181  2000  3462  2500  2212  3212  2752  2942  3718  3132  2639  3277
F2_181  2010  2900   882 -9999
F2_387  1976   493   855   922  1119
F2_387  1980  2241  1377   952   868   891  1064  1288  1527  1470  1228
F2_387  1990  1398  1479  1772  2207  1130  1096   778  1716  1724  1685
F2_387  2000  2470  1417  1024  1766  1436  1889  2518  2004  1690  1947
F2_387  2010  1556   545 -9999
F2_388  1965   499   740  1004   858   638
F2_388  1970  1295   880   613  1559  1648  1436   554  1132   965   978
F2_388  1980  1186  1199  1687  1989  1831  1774  2045  1732  3382  3655
F2_388  1990  2815  2260  2418  1805  4102  3568  4049  3863  4573  3871
F2_388  2000  4535  2249  2479  3490  2726  3078  4104  3916  3089  3765
F2_388  2010  4265   647 -9999
F2_390  1976   241   486   517   286
F2_390  1980   468  1841  1162   774   570   576   557   703   758  1246
F2_390  1990   840  1171   958   835  2344  1233  2344  1540  1282  1620
F2_390  2000  3398  2261  2146  3347  2363  3326  5534  5065  4933  5404
F2_390  2010  4336  2199 -9999
B3_374  1984   300   536   626   982  1315  1351
B3_374  1990  2240  1392  1139   917   918   929  1176  1120  1421  1361
B3_374  2000  1174   814   790  1377   799  1680  2208  1564  1691  2077
B3_374  2010  2372  2045 -9999
C1_412  1968   134   181
C1_412  1970   404   220   178   286   481   354   636   676  1121   700
C1_412  1980   639   764   757   899   715   879   743   736   618   692
C1_412  1990   815   578   501   791  1063  1068  1221  1452  1070  1139
C1_412  2000  1227  1506   797 -9999
D2_532  1989   952
D2_532  1990  1037   846  1099  1032  1362  1095  1952  1493  2034  2090
D2_532  2000  3095  2209  1683  2455  2095  2826  4230  4115  5104  4139
D2_532  2010  5262  1865 -9999
D3_193  1969   234
D3_193  1970   306   275   283   279   324   390   420   412   642   311
D3_193  1980   727   644   409   635   610   462   399   421   282   166
D3_193  1990   192    73   252   164   135    94    61   105   125   181
D3_193  2000   472   308   205   372   394   456   560   831   600   409
D3_193  2010   257    85 -9999
E2_054  1986   675  1142   761   957
E2_054  1990   908  1157  1084   794  2177  1835  2140  2256  1841  1617
E2_054  2000  2865   843   758  1968  1519  2503  3294  2053  2603  2752
E2_054  2010  3922  2369 -9999
F2_175  1981   248   233   158   171   202   211   313   545   576
F2_175  1990   576   701   694  1205  1060  1448   994   840   374   665
F2_175  2000  1450  1038  1409  2315  1803  2376  2906  2385  2704  2884
F2_175  2010  3348  1999 -9999
F2_180  1981  1079   846   780  1037   790  1217  1210  1361   996
F2_180  1990  1184  1881  1777  1333  2598  1247  1163  1093  1286  1503
F2_180  2000  2319  1488  1637  2664  2141  1979  2256  2153  2269  3775
F2_180  2010  2554   579 -9999
F2_389  1987   477   733   501
F2_389  1990   714   819   703   912   596   690  1150  1246  1257   972
F2_389  2000  1460  1226   844  1517  1010  1457  2588  1882  1672  2133
F2_389  2010  1972  1451 -9999
A2_579  1982   359   319   170   125   168   130   294   211
A2_579  1990   176   289   128   170   338   252   510   296   380   255
A2_579  2000   250   297   338   338   248   535   318   211   338   227
A2_579  2010   577   242 -9999