A2_164  1965   631   783   635   844   713
A2_164  1970   791   711   375  1171   878  1548  1436  2180  2349  1720
A2_164  1980  1862  1686  1459  2493  2044  1839  1714  1290  2200  2467
A2_164  1990  2269  1721  1529  1924  2728  3038  2853  2310  2598  2170
A2_164  2000  2108  1620  1240  1690  1360  1750  2174  2157  2053  2053
A2_164  2010  2347  1563 -9999
A2_410  1933   857   473   893   678   294   378   593
A2_410  1940   549   825  1044   461   945  1028  1418  1120   971   738
A2_410  1950   274   231   105    93   156   228   227   489   510   194
A2_410  1960   361   323   625   426   231   514   670   420   721   886
A2_410  1970  1143   829   702  1167   599   885  1261  1152  1014   916
A2_410  1980  1325  1398  1168  1517  1496  1300   824  1162   618   451
A2_410  1990   395   404   444   328   345   210   340   243   365   279
A2_410  2000   499   277   253   338   319   250   298   255   157   137
A2_410  2010   111    83 -9999
A3_352  1974  1011   143   119   134   106   135
A3_352  1980   177   191   457  1322  1949  1951  1992  1948  2636  2749
A3_352  1990  2841  3070  1745  1737  2419  2342  3182  2623  2836  2470
A3_352  2000  2052  1634  1241  2009  1742  2153  2571  2063  2283  2815
A3_352  2010  2302  1533 -9999
B1_356  1977   649   415   412
B1_356  1980   484   765   647   646   557   402   575   759   760  1070
B1_356  1990   930   908  1009  1036  1002   583   920   531   983  1002
B1_356  2000  1204   905   646  1169  1294  1478  1349  1201  1604  1766
B1_356  2010  1622  1427 -9999
D3_391  1979   759
D3_391  1980   913  1016   937  1487  1080   804  1601  2245  2167  2251
D3_391  1990  3740  3212  2373  2278  2961  2516  3027  3350  4172  3848
D3_391  2000  4296  2853  1729  3259  3470  3936  4376  3764  3956  4127
D3_391  2010  4382  1374 -9999
D3_399  1939  1188
D3_399  1940   865   758   462   605   462   364   347   194   234   194
D3_399  1950   187   107   255   377   285   299   118   125   183   169
D3_399  1960   427   538   394   394   768   403   881   778   571   711
D3_399  1970   911   910   760  1177   994  1482  2473  2062  1014   904
D3_399  1980   942   806   998  1160  1110  1212  1786  2233  2420  2122
D3_399  1990  1730  1248  1041   885  1201  1131  1774  2055  2661  2658
D3_399  2000  2756  1672   894  1361  1177  1227  1579  2043  2821  2668
D3_399  2010  2018   789 -9999
D3_400  1978    57   192
D3_400  1980   155   226   306   270   268   327   226   434   675   870
D3_400  1990  1440  1230  1317  1497  1948  1099  2014  2412  2407  2797
D3_400  2000  2975  1934  1178  2178  2646  3165  4452  3453  4834  4771
D3_400  2010  3653  1261 -9999
D3_401  1976  1016  1587   832  2032
D3_401  1980  2917  3363  3206  4641  4282  3972  3437  3138  2606  1811
D3_401  1990  1688  1725  2207  1856  2225  1783  2536  2068  2916  2143
D3_401  2000  3686  2617  1569  2203  1473  1883  2616  2032  1988  2298
D3_401  2010  1683   781 -9999
D3_403  1967   681   935   345
D3_403  1970   494   650   469   227  1155  2578  2288  4005  3461  2475
D3_403  1980  2829  3373  2364  3298  2541  2401  3420  3712  3472  3245
D3_403  1990  2916  2288  2591  1837  2337  2564  3598  3506  3346  3037
D3_403  2000  4844  2941  1980  3644  2373  2931  3776  3006  2858  2739
D3_403  2010  2703  1166 -9999
E1_201  1973   360   317   508   465   655   741   868
E1_201  1980   551   276   930  1538  1289  1095  1799  3348  4001  3628
E1_201  1990  4615  3019  2285  2540  3200  1532  2120  2104  2932  4026
E1_201  2000  4360  3138  2371  3173  2577  3171  4120  3634  3298  4242
E1_201  2010  4169  1919 -9999
F1_377  1925   231   246   198   147   417
F1_377  1930   464   190   390   359   326   178    95    56   180   105
F1_377  1940   211   190   346   336   317   296   422   548   610   378
F1_377  1950   630   688   353   642   762   786   680   734   506   655
F1_377  1960   741   740   891  1076  1122  1037   931   697   463   737
F1_377  1970   786   414   270   604   523   545   672   610   675   717
F1_377  1980   465   782   613   762   952   741   677   804   634   613
F1_377  1990   550   338   364   123   169   211   443   611   776   964
F1_377  2000  1109   690   544   690   943  1059  1329  1475  1348  1857
F1_377  2010  1586   871 -9999
F1_378  1934   778   573   802   549   696   507
F1_378  1940  1059  1256  1226  1438  1666  1435  1346  1282  1363  1043
F1_378  1950  1078   611   521   625   967   990   889   888   719   782
F1_378  1960  1159  1647  1686  1895  1789  1201  1286   982   900   944
F1_378  1970  1110   864   718  1057  1058  1164  1354  1671  1777  1566
F1_378  1980  1439  1122  1355  1249  1820  1862  1608  1544  1714  1964
F1_378  1990  2083  1406  1445  1295  1437  1329  2168  1790  1746  2163
F1_378  2000  2133  1481  1084  1519  1184  1416  1712  1977  1925  2153
F1_378  2010  1798   873 -9999
F1_380  1938   313   433
F1_380  1940   658   709   670   763   590   612   606   546   486   386
F1_380  1950   345   302   204   200   307   351   395   360   267   377
F1_380  1960   503   336   420   607   319   308   230   174   244   459
F1_380  1970   375   442   407   702   557   710   890   713   629   579
F1_380  1980   368   623   359   519   508   381   317   317   295   317
F1_380  1990   275   275   338   380   634   402   656   529   656   818
F1_380  2000  1022   740   444   762   635   804   910   613   698   760
F1_380  2010   590   554 -9999
F1_381  1947   581  1187   651
F1_381  1950   713   652   639  1061  1150  1442   853  1291  1067   929
F1_381  1960  1359  1350  1245  1649  1397  1332  1459  1122  1379  1125
F1_381  1970  1519  1004   785  1551  1285  1547  1957  1663  1540  1329
F1_381  1980  1119  1325  1184  1226  1372  1304  1405  1310  1164   852
F1_381  1990   846   515   495   494   870   625   790   707  1455  1330
F1_381  2000  1440   901   918  1071  1012  1073  1410  1767  1925  2049
F1_381  2010  2029  1414 -9999
F1_383  1894    44   344   485   334   367   231
F1_383  1900   196   171   105   114   287   304   392   468   728   681
F1_383  1910   613   328   371   354   461   379   409   375   339   733
F1_383  1920   357   503   766   799   919   928   778   773   637   790
F1_383  1930   952   929  1155  1078   559  1117  1224  1356  1431  1049
F1_383  1940   804  1372  1232  1520  1312  1505  1796  1813  1962  1423
F1_383  1950  1628  1377   845   859  1109  1229   735  1096   878   770
F1_383  1960   800   562   426   781   594   414   728   557   557   495
F1_383  1970   616   591   391   543   606   759   968  1096  1076   779
F1_383  1980   602   813   776   667  1024   559   522   727   878   657
F1_383  1990   450   399   397   300   222   422   494   594   484   628
F1_383  2000   913   768   647   547   352   472   394   858   811   634
F1_383  2010   800   519 -9999
F1_386  1952   190   632   655   712   612   740   563   820
F1_386  1960   869   890   828   743   773   515   752   607   540   618
F1_386  1970   535   410   327   469   488   474   707   854   938   876
F1_386  1980   651   857   552   571   875   790   780   915   704   558
F1_386  1990   475   432   428   265   325   222   442   515   615  1196
F1_386  2000  1251   727   666   646   709   796   809  1000   799   942
F1_386  2010   875   501 -9999
F1_397  1902   508  1330  1583  1490  1696  1335  1709  1521
F1_397  1910   962  1374  1113   866  1035   691  1202   815   675  1347
F1_397  1920   788   770   786  1014  1056  1184   816   837   608   755
F1_397  1930   589   800   865   846   741   971   872   619  1000   783
F1_397  1940   740   635   825  1035   969  1095  1365  1391  1770  1307
F1_397  1950  1518  1094   673   993  1092   938   718   927   865   951
F1_397  1960   845   549   675   927   695   632   589   589   506   506
F1_397  1970   546   400   126   422   296   358   337   357   447   421
F1_397  1980   401   506   634   550   570   401   465   783   865   570
F1_397  1990   485   510   481   485   463   336   463   421   545   440
F1_397  2000   583   332   518   333   346   433   620   435   332   607
F1_397  2010   441   247 -9999
A2_165  1970   142   198   341  1002   877  1292  1063  1020   981   895
A2_165  1980   910  1371  1271  1232  1032   949   823  1047  1055   988
A2_165  1990  1056  1200   843  1132  1489   922  1357  1091  1115  1104
A2_165  2000  1384   965   843  1286  1009  1304  1321  1396  1502  1999
A2_165  2010  1504   974 -9999
A2_166  1965   171   232   232   232   191
A2_166  1970   233   128   108   189   125   233   317   337   339   412
A2_166  1980   474   453   518   553   494   440   243   261   337   737
A2_166  1990  1027  1597  1502  1858  2122  1556  1650  1361  1605  1418
A2_166  2000  1781  1572  1034  1609  1288  1693  1557  1332  1589  1804
A2_166  2010  1575   992 -9999
A2_167  1984   685   812   480   875   753  1609
A2_167  1990  1696  1583  1028  1249  1887  1098  1801  1288  1570  1294
A2_167  2000  1301  1175   937  1577  1370  1623  1832  1266  1395  1415
A2_167  2010  1266   782 -9999
B1_350  1987   866  1397  1418
B1_350  1990   982  1606  1015  1284  2017  1665  1564  1202  1783  1860
B1_350  2000  2115  1088   836  1559  1305  1681  1778  2053  2449  2254
B1_350  2010  1523   783 -9999
B1_351  1987   712   711   693
B1_351  1990   504   379   464   499   961   601   592   432   532   516
B1_351  2000   753   450   205   432   352   662   620   641   688   673
B1_351  2010   808   643 -9999
B1_353  1975   341   505   952   776  1097
B1_353  1980   931   919   526   572   426   418   405   710   819  1007
B1_353  1990   757  1181  1188  1155  1881   986   902   910   888   903
B1_353  2000  1069   803   579   946   676   986  1953  1865  1664  1858
B1_353  2010  1342   708 -9999
B2_059  1959   707
B2_059  1960   277   302   426   296   243   213   316   267   136   231
B2_059  1970   275   166   141   260   229   133   173   156   179   138
B2_059  1980   224   250   249   409   344   356   334   548   634   508
B2_059  1990   780   984   960   916   878   709  1082   850  1411  1446
B2_059  2000  1361  1136   874  1074   832  1074  1595  1244  1097  1347
B2_059  2010  1260  1097 -9999
B2_071  1989   899
B2_071  1990  1068   943   754   488   568   465   427   343   401   570
B2_071  2000   607   459   450   737   383   592   782   787  1011  1009
B2_071  2010   669   517 -9999
B3_376  1990   529   614   485   387   591   541   870   610  1370   985
B3_376  2000   954   544   881  1438  1271  1648  2097  1791  1719  2358
B3_376  2010  2185  2170 -9999
C1_415  1984   444   487   339   529   529   401
C1_415  1990   612   785  1072   799  1220   440   502   520   534   435
C1_415  2000   719   550   360   548   609   586   917  1124  1225  1407
C1_415  2010  1026   582 -9999
C1_416  1988   210   368
C1_416  1990   601   645   560   795  1198   513  1043   851  1522  1079
C1_416  2000  1151  1437  1273  1981  1527  1707  1824  1690  1818  2533
C1_416  2010  2736  1363 -9999
C1_417  1982    79    79   133   133   306   189   330   281
C1_417  1990   547   604   830   670  1235   865  1660   270  1432  1414
C1_417  2000  1267  1037   995  1820  1502  2155  2256  2275  2043  2011
C1_417  2010  1997  1079 -9999
D3_394  1970   188   178   159    88    99   161   229   497   622   446
D3_394  1980   517   458   686   872   332   918  1749  1325  1006  1288
D3_394  1990  2584  1851  1315  1005  2246  1801  2139  2089  2439  3081
D3_394  2000  3376  2259  1670  2242  1968  2857  3486  2779  2853  3195
D3_394  2010  3402  1599 -9999
D3_396  1982   140   507   575   759   717   950   760   846
D3_396  1990  1500   947  1085  1001  1749  1067  1163  1263  1210   995
D3_396  2000  1058   466   296  1016   677   688   944  1291  1887  1537
D3_396  2010   880   399 -9999
D3_398  1976   338    46    83    84
D3_398  1980   127   127    85    82    65   237   187   211   235   211
D3_398  1990   425   377   333   227   737   832   915  1142  1764  1074
D3_398  2000  1442  1167   712  1399  1354  1566  1959  1446  1373  2081
D3_398  2010  2172  1823 -9999
E1_200  1983    22   849   844  1094  2388  2241  2277
E1_200  1990  3594  4273   853   902  1645   696   760   719  1409  2117
E1_200  2000  2362  2238  2292  4573  4871  4853  5537  4939  5059  5712
E1_200  2010  7277 -9999
E2_137  1979   235
E2_137  1980   297   511   312   387   550   497   580   816  1198  1448
E2_137  1990  1180   951   656   517  1180   693  1977  1920  1940  1931
E2_137  2000  2741  1485  1017  1705  1326  1414  2411  2994  3311  3951
E2_137  2010  3577  1431 -9999
F1_379  1918   231   529
F1_379  1920   426   145   169   151   145   197   146   126   355   358
F1_379  1930   296   339   134   229   205   355   416   353   562   455
F1_379  1940   312   396   340   168   279   182   212   637   673   494
F1_379  1950   143    87   100   101   109   172   253   275   254   191
F1_379  1960   339   463   357   406   117   116    84    89    99   195
F1_379  1970   234   107   101   185   146   229   229   187   249   234
F1_379  1980   222   228   207   415   438   355   398   441   484   442
F1_379  1990   358   274   316   295   358   295   359   359   338   444
F1_379  2000   465   296   275   317   296   275   444   423   402   571
F1_379  2010   507   312 -9999
F2_175  1983   625   207   202   211   313   545   576
F2_175  1990   576   701   694  1205  1060  1448   994   840   374   665
F2_175  2000  1450  1038  1409  2315  1803  2376  2906  2385  2704  2884
F2_175  2010  3348  1794 -9999
B3_556  1983   234   169   147   190   148   169   317
B3_556  1990   190   288   186   207   353   209   170   170   252   272
B3_556  2000   317   233   106   317   275   614   868   275   444   466
B3_556  2010   766   850 -9999