A1_076  1870  1448  1539   886   906  1279  1077  1130  1079   950   958
A1_076  1880   689   840   688   521   726   516   581   647   727   803
A1_076  1890   964  1065   929  1168   894  1237   817   907  1320   955
A1_076  1900  1003  1433   827  1380  1105  1055   873   925  1070  1252
A1_076  1910  1031  1183  1107  1025   987  1061   801   919   866   761
A1_076  1920   637   513   593   903   743   903  1151   965   969  1023
A1_076  1930  1030  1078   792   919  1060  1272  1059   965  1053  1092
A1_076  1940  1367  1546  1164  1776  1752  1466  1343  1317  1490  1675
A1_076  1950  1401  1401   721  1073  1165  1248  1127  1139  1346  1053
A1_076  1960   678   835  1461  1882  1127 -9999
A1_363  1868   447   635
A1_363  1870   902   979  1773  1444  1385  1614  1727  1187  1650  1580
A1_363  1880  1604  1185  1158   663  1088   985   891   546   986   945
A1_363  1890  1318  1289  1036  1296  1013  1443  1025  1193  1547  1042
A1_363  1900  1260  1612  1150  1198   953   888   885   893   988   926
A1_363  1910   973  1151  1092  1317  1390  1258  1262  1251  1352  1019
A1_363  1920  1125  1475  1755  1902  1839  1588  1930  1776  2029  1117
A1_363  1930   764  1005   824   764   922   914   818   515   675   641
A1_363  1940   979  1079   881  1149  1265   960   914  1072  1284  1099
A1_363  1950  1019   838   536   626   698   796   753   760   783   593
A1_363  1960   672   830   761   854   570   620   523   491   453   353
A1_363  1970   571   353   275   534   423   623   751   654   612   325
A1_363  1980   253   169   176   162   190   204   162   148   134   159
A1_363  1990   100   106   111   116   111   142 -9999
A1_369  1954  1167   956   985   938   934   760
A1_369  1960   882   620  1011   844   634   955   746   411   632   384
A1_369  1970   735   630   377   458   502   654   882   779   714   461
A1_369  1980   563   628   541   710   708   729   686   584   805  1259
A1_369  1990  1125  1196  1108   891  1486  1615   890  1047  1272   683
A1_369  2000   292   292   263   388   446   523  1217  1235  1262  1007
A1_369  2010   868   554 -9999
A1_371  1731  1537  1052  1115  1783   749  1809  1175  1335  1390
A1_371  1740  1628  1332  1158  1100   974  1026   816  1315  1297  1363
A1_371  1750  1205  1116  1587  1469  1217  1233  1227  1082  1205  1016
A1_371  1760  1205   825  1209  1037  1077  1122  1156  1353  1141  1005
A1_371  1770   877   998   913  1347  1417  1510  1743  1419  1306   895
A1_371  1780   854   846   771   776   995   986  1101   852   638   492
A1_371  1790   727   946   889   895   792   822   847   970  1034   776
A1_371  1800  1213  1179   697   828  1047   925   718   798   829   980
A1_371  1810   728   744   540   555   863   950  1227   866   951   976
A1_371  1820   924   211   225   304   211   353   839   578   557   783
A1_371  1830   783  1094   942   996  1014   750   501   477   261   426
A1_371  1840   364   280   418   534   377   629   737   866   990   969
A1_371  1850   908   940   546  1070  1361  1402   788  1676  1155   926
A1_371  1860  1085   920  1061  1453  1016  1369  1517  1304   994   636
A1_371  1870   718   876   678   759   664   859   927  1269   967  1980
A1_371  1880  1291  1184  1154   656   847  1002   689   508   740   843
A1_371  1890  1352   971   899  1368  1205  1224   910   747  1216   767
A1_371  1900   656  1352   772  1262  1008   823   673   850   570   613
A1_371  1910   634   718   671   892   616   511   684   608   736   465
A1_371  1920   465   498   580   550   562   446   662   749   614   599
A1_371  1930   424   616   556   543   478   579   626   683   760   401
A1_371  1940   821   740   555   668   396   433   290   651   789   530
A1_371  1950   535   416   210   436   409   431   754   522   506   462
A1_371  1960   337   344   527   480   337   351   432   337   247   267
A1_371  1970   529   366   248   353   352   478   442   443   353   313
A1_371  1980   378   209   428   225   194   228   189   272   248   186
A1_371  1990   112   231   129   140   228   250   251   193   524   575
A1_371  2000   398   373   296   366   297   197   232   301   266   328
A1_371  2010   127 -9999
A1_372  1875   501  1712  1522  1600  1733
A1_372  1880   983  1318  1541  1156  1495  1234  1007   931  1012  1177
A1_372  1890  1190  1402  1117  1241   938  1227   952   867  1312   760
A1_372  1900   878  1115   861  1032   804   741   836   857   855   884
A1_372  1910  1218  1201  1171  1111  1145  1292  1249  1186  1309  1346
A1_372  1920  1505  1560  1587  1818  1427  1466  1785  1553  1629  1409
A1_372  1930  1308  1329  1128  1101  1309  1399  1547  1596  1622  1165
A1_372  1940  1273  1135   812  1074  1166   916   850   835   820   878
A1_372  1950   934   922   640   623   548   613   854   756   694   520
A1_372  1960   505   515   859  1254   881   944   937   758   783   656
A1_372  1970  1217   735   748  1098   781   907   980   914   743   602
A1_372  1980   875   755   771   726   539   301   342   470   430   443
A1_372  1990   302   300   359   366   478   487   402   277   527   722
A1_372  2000   598   698   506   616   757   664   525   525   670   816
A1_372  2010   528   155 -9999
A1_373  1708   192   327
A1_373  1710   188   329   251   362   325   308   254   381   275   317
A1_373  1720   346   281   172   296   820   399   863   535   494   386
A1_373  1730   450   305   488   508   607   660   591   812   699   711
A1_373  1740   997   749   603   480   404   418   484   274   470   417
A1_373  1750   550   518   409   421   352   403   463   530   567   661
A1_373  1760   645   693   672   676   494   494   589   668   802   799
A1_373  1770   610   399   676   550   650   696   719   848   714   844
A1_373  1780   547   567   483   445   378   442   358   429   248   183
A1_373  1790   245   188   293   251   334   249   393   348   392   451
A1_373  1800   455   676   708   538   647   670   618   446   344   327
A1_373  1810   300   250   354   140   170   198   183   189   167   215
A1_373  1820   161   215   111   111    89    88    77    68    88   115
A1_373  1830   108   108   138   120   174   187   110   113    95    75
A1_373  1840    94   100   148   280   242   311   374   274   330   335
A1_373  1850   210   252    84   253   316   252   242   371   275   317
A1_373  1860   381   295   357   336   399   504   495   435   396   270
A1_373  1870   355   506   380   416   540   440   354   525   520   797
A1_373  1880   447   380   463   399   432   351   331   352   375   413
A1_373  1890   484   518   480   456   352   357   314   145   259   161
A1_373  1900   109   266   210   305   273   208   222   224   206   186
A1_373  1910   269   258   223   256   222   175   258   253   274   339
A1_373  1920   308   225   250   190   233   237   228   360   316   420
A1_373  1930   318   252   254   168   205   238   211   311   239   167
A1_373  1940   379   261   311   218   161   255   209   210   298   310
A1_373  1950   298   395   187   344   452   510   689   685   768   750
A1_373  1960   718   555   845   815   626   624   574   386   438   387
A1_373  1970   859   772   591   770   545   803   883   793   753   583
A1_373  1980   615   534   566   791   853   706   563   626   620   523
A1_373  1990   344   495   468   419   454   410   266   269   561   405
A1_373  2000   420   429   298   333   265   307   207   152   163   180
A1_373  2010    95    63 -9999
B2_076  1937  1513  1694  1132
B2_076  1940   923  1218   751  1049  1378   934   870   772   967   904
B2_076  1950   778   590   548   741   571   558   693   879   986   639
B2_076  1960   463   529   271   722   674   868   674   549   380   612
B2_076  1970   861   330   338   481   338   507   656   614   635   414
B2_076  1980   434   399   846   757   574   411   430   400   347   365
B2_076  1990   294   294   320   273   736   877   804   696  1311   942
B2_076  2000   668   338   179   340   254   201   306   381   275   285
B2_076  2010   138   132 -9999
D1_536  1943  1048  1313  1525  1336  1599  1366  1401
D1_536  1950  1562  1388  1056  1553  1185  1691  1523  1670  1903  1988
D1_536  1960  1940  2093  1905  1799  1534  1777  1756  1799  1820  1751
D1_536  1970  2357  2254  1889  2070  2026  2043  3039  2663  2984  2516
D1_536  1980  3128  3534  2883  3764  3176  2781  2229  2466  2871  2882
D1_536  1990  2906  2745  1690  1661  2590  2319  2384  2331  4444  2493
D1_536  2000   645   399   348   442   438   688   561   371   494   390
D1_536  2010   413   175 -9999
A1_366  1895   461   414   363   423   199
A1_366  1900   473   379   403   381   444   484   590   821   820   665
A1_366  1910  1236  1068   985  1377  1293  1492   577   463   597   503
A1_366  1920   893   548   836   335   671   863  1056  1068   803  1060
A1_366  1930   758  1237   709   622   594   381   708   834   616   590
A1_366  1940   423   698   529   569   529   478   432   521   486   536
A1_366  1950   549   338   338   388   667   381   396   383   386   453
A1_366  1960   370   328   690   710   731   471   419   451   291   213
A1_366  1970   353   307   242   341   348   355   441   342   231   209
A1_366  1980   216   218   189   178   136   146   147    94    60    73
A1_366  1990    58    69    74 -9999
A2_163  1975   148   319   336   400   254
A2_163  1980   359   399   337   190   126   161   126   117   168   210
A2_163  1990   296   339   381   562   768   818  1089  1017  1082  1081
A2_163  2000   796   942  1150  1540  1188  1373  1645  1526  1720  1936
A2_163  2010  2009  1903 -9999
C3_289  1996   712   387   810   815
C3_289  2000  1597  1626  1396  2155  1952  1962  1740  1334  1714  2416
C3_289  2010  2333  1216 -9999
D3_392  1989   504
D3_392  1990   383   555   535   553   416   503   593   653   696   614
D3_392  2000   114   216   669  1014   589   396   446   408   352   268
D3_392  2010   204   119 -9999
D3_393  1981    50   119   119    97   122   155   210   305   298
D3_393  1990   432   448   559   630   717   782   872   739   888   844
D3_393  2000   716   419   461   509   909   714   738  1057  1544  1881
D3_393  2010  2354  1409 -9999
D3_395  1990   245   234   200   168   257   282   219   290   274   172
D3_395  2000   182   220   235   417   804   966  1021   906  1342  1359
D3_395  2010   949   377 -9999
E2_058  1985   148   134   120   149   155
E2_058  1990   205   148   176   233   374   303   586   515   910   783
E2_058  2000   550   183   458   569   882  1245  1420  1331  1406  1544
E2_058  2010  1648  1328 -9999
F3_533  1985   267   626   815   901  1015
F3_533  1990   971  1106  1052   857  1120   936  1317   862  1521  1448
F3_533  2000  1520  1455  1172  1580  1795  2128  3100  3102  3116  3061
F3_533  2010  3702  1609 -9999