WB1203  1939   240
WB1203  1940   460   459   782  1354  1269  1100  1247  1310  1227  1629
WB1203  1950  2012  1051  1955  1939  1608  1417  1566  1438  1332  1079
WB1203  1960  1586  1280  1724  1798  1522  2238  1957  1604  2431  4972
WB1203  1970  3152  4125  4485  2814  2091  2987  3004  3745  5010  4641
WB1203  1980  4787  3709  3596  4816  3596  4019  3551  2888  3176  5305
WB1203  1990  1713  2141  2321  2561  4010  2551 -9999
WB3201  1965   153   374   270   259   376
WB3201  1970   225   442   526   430   334   198   321   545   493   751
WB3201  1980  1103   938  1027  1025  1643  1731  1700  1053  1934  2792
WB3201  1990  2931  4050  4138  4229  3924  2398 -9999
WB4404  1940    15  1054   943  1990  1446  1287  1860  1712  1071  1269
WB4404  1950  2581  1745  2195  1745  1676   630   381   263   161   303
WB4404  1960   305   386   572   675   733   511   425   833  1039  1229
WB4404  1970  1045  1844  1288   770   798  1391  1837  2394  3868  3692
WB4404  1980  3549  4394  3360  3584  4253  6155  4136  3574  4831  6896
WB4404  1990  6175  5730  5305  5135  5661  2812 -9999
WB6401  1908  1569   954
WB6401  1910   679   893   737   892   984   751   709   593   614   553
WB6401  1920   451   550   785   932   996   742   894  1051   816   954
WB6401  1930   942   995  1047  1127  1189  1099  1104  1236  1280  1304
WB6401  1940  1491  1216  1660  1577  2262  2338  2230  2282  1896  2334
WB6401  1950  2475  2188  2672  2488  2059  1641  1759  1745   923  1021
WB6401  1960  1288  1459  1810  2296  1358  1518  2343  2494  2156  1437
WB6401  1970  1871  2172  3049  2430  1892  1611  1692  3291  3833  4321
WB6401  1980  4060  3162  3267  3966  3002  4152  3145  2687  2608  3985
WB6401  1990  4082  3444  4130  3303  4006  2610 -9999
WC1301  1920  1694  1054  1555  2098  1711  2195  2336  2491  2129  2341
WC1301  1930  2608  2503  1845  2003  2430  3077  2999  2260  2149  1756
WC1301  1940  2496  2241  3296  3443  3935  4695  5211  6677  5299  6727
WC1301  1950  5904  4683  6339  4274  4169  3825  3768  4619  3930  2665
WC1301  1960  4779  3283  4582  2600  2642  2430  2258  3607  2615  2773
WC1301  1970  1897  2789  2750  2073  1523  2306  2389  2165  1723  3416
WC1301  1980  4111  3538  2267  2755  2996  3525  2896  2434   844  1175
WC1301  1990  1926  2131  1032   565   710   711 -9999
WC2105  1967   149   118   121
WC2105  1970    83   136   171   217   235   245   318   715   585   752
WC2105  1980   647  1075   708  1218  1313  1336  1221  1536  2248  2209
WC2105  1990  2495  2787  2104  3134  3230 -9999
WC2202  1976   307   508   893  1170
WC2202  1980   958   968  1437  1388  1355  1534  1446   812  1683  1563
WC2202  1990  2156  2232  1966  1304  1332  1484 -9999
WC2205  1972   254   466   380   440   842  1262  1206  1925
WC2205  1980  1532  1399  1406  1015  1248  1184   929   866  1576  2494
WC2205  1990  2971  4595  5129  4442  5555  4268 -9999
WC2402  1981   358   337   294   476   535   408   456  1105  3040
WC2402  1990  4850  3657  3347  3351  4185  3051 -9999
WC3106  1968   155   162
WC3106  1970   210   338   381   436   483   421   556   542   643   864
WC3106  1980   799   933  1452  1496  2089  1921  1815  1649  2157  2729
WC3106  1990  2939  2958  2891  2774  3445  3318 -9999
WC3204  1972   168   189   159   231   294   402   401   510
WC3204  1980   570   274   412   647   761   635   569   464  1205  1905
WC3204  1990  2523  2568  2655  2369  3275  3496 -9999
WC3301  1971   312   192   181   190   219   242   411   879  1357
WC3301  1980  1459   894  1283  1570  1665  1896  1607  1306  2811  2961
WC3301  1990  3420  3313  3362  2419  3780  3251 -9999
WC3501  1969   492
WC3501  1970   761  1010   309   317   493   594   841   733  1079  1383
WC3501  1980  1267  5337  4150  4315  3620  2786  2151  1688  2316  3529
WC3501  1990  2959  3232  3353  2972  4609  3168 -9999
WC3503  1976   300   377   335   746
WC3503  1980   567   677  1690  2209  2403  2718  2362  2044  2707  3481
WC3503  1990  3695  3836  4560  4095  4452  3455 -9999
WC4201  1960   298    69    65   114    95    90    77   143   169   253
WC4201  1970   299   381   272   273   394   208   647   519   286   611
WC4201  1980   696   861  1112  1144  1783  2215  1862  1867  3012  5466
WC4201  1990  4901  5394  6281  4808  6667  5456 -9999
WC4302  1925   623   952  1206  1120  1237
WC4302  1930  1424  1236  1259   842  1270  1460  1564  1735  1585  1605
WC4302  1940  1760  1942  2414  2536  1797  2166  2574  3066  1566  2603
WC4302  1950  2815  2666  2539  1924  1481   614  1545  1142   867   994
WC4302  1960  1565  1375  1777  1185   974  1056  1838  1729   590  1847
WC4302  1970  2454  2469  3121  2024  1392  1541  2233  3382  2327  2307
WC4302  1980  3765  2813  2072  1764  1890  2009  2142  2283  1944  3318
WC4302  1990  3615  4313  3638  2434  2733  2036 -9999
WC4303  1942  2293  1740  1342  1447  1601  1961  1011  1696
WC4303  1950  1793  2728  2466  1178  1222  1899  1457   866   486   423
WC4303  1960   845   740  1353  1353  1036  1012  2029  1901  1365  1800
WC4303  1970  1553  1817  2183  1413   492   788   812  1147   796  1442
WC4303  1980  1829  1960  1716  2174  1550  2037  1758  1471  1005  1744
WC4303  1990  1934  2423  3218  1256  2682 -9999
WC4305  1904   233   254   127   191   276   262
WC4305  1910   500   358   434   185   307   783   568   606   736   541
WC4305  1920   829  1092  1282  1181   552   939  1209  1142   666   561
WC4305  1930   473   366   352   408   762   788   884   747   473   544
WC4305  1940   568   690   813  1096   819   804   866   928   290   540
WC4305  1950   611   994  1425  1597  1408  1492  1032  1074  1156  1199
WC4305  1960  2148  1476  2110  2077  1492  1911  2182  1772  1076  1919
WC4305  1970  1918  2167  2416  1840  1829  2849  2896  3762  3254  3677
WC4305  1980  1597  2789  2815  3864  2426  3210  2780  2423  2813  4111
WC4305  1990  3234  3698  3513  1767  2482  1995 -9999
WC4306  1930    43  1628  1089   988  1818  1724  1508  1293   416   542
WC4306  1940   719  1348  1203  1455  1140  1451  1642  1954  1528  1794
WC4306  1950  1710  1352  1878  1706  1333  1204  1794  1357   866   609
WC4306  1960  1628  1464  1844  1920   590  1127  1529  1770  1590  2329
WC4306  1970  1605  1318  1425   836  1305  1617  1926  1962  2618  3282
WC4306  1980  1540  2103  2610  3103  2097  2642  2034  2369  2197  2796
WC4306  1990  3192  3166  2873  1986  2518  1735 -9999
WC5201  1947    28    88    86
WC5201  1950    88    83   168    69    96   107    90    74   112   167
WC5201  1960   331   642   809  1975   863  1336  1860  2764  2628  4191
WC5201  1970  2397  3406  3680  2707  2035  2200  2252  1806  1947  2551
WC5201  1980  2530  2461  1713  1937  1919  1784  1436  1177  1277  1508
WC5201  1990  1423  1212   847   510   925  1154 -9999
WC5202  1913    33   200   211   211   464   297   297
WC5202  1920   275   656   900  1526  1042  1232   902  1649  1276  1893
WC5202  1930  1523  1584  1754  1944  1513  1479  1111  1233  1417  1607
WC5202  1940  1527  1662  2840  2442  1444  1376  1403  1797  1021  1450
WC5202  1950  1995  2332  2540  1786  1644  2089  1551   948  1026   883
WC5202  1960   921  1323  1307  1556  1458  1761  1620  2012  1882  1923
WC5202  1970  1820  1789  3207  1963  1258  1466  1626  2104  2467  2804
WC5202  1980  1374  2070  2388  2523  2130  2467  2389  1260  2304  3275
WC5202  1990  3934  4361  3243  2652  3659  2242 -9999
WC5205  1931   462   274   190   464   825   760   433   928   944
WC5205  1940   758   695   919  1205  1032   771   741  1823   722   957
WC5205  1950  1031   991   945   789   774   655   245   307   514   762
WC5205  1960   784  1028  1130  1047  1253  1288  1214  1086   720  1179
WC5205  1970   974  1225  1742   924   819   947   842  1244  1476  1602
WC5205  1980  1544  1309   939  1190  1210  1335  2317  1859  1630  1235
WC5205  1990   819  1175   777  1090  1454   900 -9999
WC5301  1967   285   370   562
WC5301  1970   413   583   718   667   837   466   675   571  1174  1492
WC5301  1980  2062  1607   897  1196  1173  1114  1302  1136  1682  1977
WC5301  1990  2291  2751  2652  1745  2927  1993 -9999
WC5401  1971   189   120   103   125   180   443   307   233   201
WC5401  1980   528   399   687   822   745  1004   792   707   982  1429
WC5401  1990  1345  1904  2231  1622  2038  1958 -9999
WC5402  1983   445   403   697   443   375   518   982
WC5402  1990  1678  2327  2895  2831  3542  2824 -9999
WC5403  1986   754   698  1011  1993
WC5403  1990  2279  2784  2549  1478  1788  2473 -9999
WD4402  1914   950   740  1419  3069  2767  2390
WD4402  1920  2429  2767   972  1440  1490  1726  2431  2113  2150  3060
WD4402  1930  2348  2511  2485  2021  3032  3294  2383  3182  3488  2304
WD4402  1940  2936  1819  3032  3011  2533  2747  3180  3718  2293  2966
WD4402  1950  3454  2173  3046  2423  2877  2516  1480   859   863   701
WD4402  1960   992  1566  1598  1269  1274  1820  1802  1944  1605  1641
WD4402  1970  1703  2158  2022  1704  1265  1328  1434  2172  2462  2470
WD4402  1980  2749  1418  1660  2274  1966  2321  2248  2235  2224  3565
WD4402  1990  3239  3249  3101  2330  1870  1752 -9999
WE1202  1970   193   198   243   116   148   231   346   392   337   686
WE1202  1980   832   877   817   839  1445  1828  1141  1489  1773  3773
WE1202  1990  2369  2166  1522  1636  2496  2083 -9999
WE1402  1971   129   210   130   133    99   154   245   338   358
WE1402  1980   444   360   360   741  1096   589   622   587   483  2144
WE1402  1990  1803  2513  2831  1695  2662  2000 -9999
WE1403  1984   474  1434   907   739   955  2098
WE1403  1990  1699  1494  1707  1166  2282  1841 -9999
WE1405  1972   190   259   162   211   246   410   529   612
WE1405  1980   729   645   582   698   952  1076   820   819  1221  1075
WE1405  1990  1748  1833  2077  1289  1901  1081 -9999
WE1501  1974   212   233   232   439   459   839
WE1501  1980   697   765   637  1492  1719  1445  1289  1311  2365  3194
WE1501  1990  3509  3387  3325  2708  3093  2510 -9999
WE1502  1980  1224  1139   472  1374   778   719   676   632  1391  1673
WE1502  1990  1593  1953  2610  2122  2412  1961 -9999
WE2101  1968   190   117
WE2101  1970   105    86    95   137   297   626   779   394   553  1065
WE2101  1980  1366  1428  1303  1418  1777  2552  3699  2978  3342  2729
WE2101  1990  2881  4138  3553  2225  3220   667 -9999
WE4202  1975   305   393   537   519  1046
WE4202  1980   789   778   872  1022  1465  1498  1317  1050  1621  2492
WE4202  1990  2327  2594  2708  2803  4197  3527 -9999
WE4203  1966   233   231   232   401
WE4203  1970   253   366   373   296   521   515   634   634   951  1121
WE4203  1980  1269  1248  1385  1742  1969  2809  2241  1875  2650  3212
WE4203  1990  3690  4405  3819  2517  3075  1617 -9999
WF1101  1970   172   169   111   127   160   169   230   227   324   560
WF1101  1980   715   555   759   972   974  1647   995   307   243  1140
WF1101  1990  1284  1622  1843  1131  2398  3230 -9999
WF6401  1960   263   137   201   139   196   153   214   173   188   191
WF6401  1970   254   424   445   254   210   421   481   397   543   813
WF6401  1980  2436  1812  1671  1713  1819  1903  1564  1459  1629  1839
WF6401  1990  1777  1859  1735  1713  1818  2170 -9999
WF6403  1982   664  1031  1219  1192  1170   956   868  1712
WF6403  1990  1357  1326  1139  1496  1217  1114 -9999
WF6405  1969   280
WF6405  1970   228   141   212    99   106   162   205   155   106   198
WF6405  1980   473  1159   668   607  1028  2397  2299  1979  1458  1415
WF6405  1990  1210  1692  1294   737   448 -9999
WG6302  1916   975   546   570   359
WG6302  1920   151   158   264   256   445   526   620  1292  1670  1919
WG6302  1930  2023  2249  1884  1393  1513  1634   959   548   639   717
WG6302  1940  1668  1432  1156  1411  1131  1433  1644  1362  1147  1490
WG6302  1950  1956  1204  1585  1574  1488  1035  1026   853   756   697
WG6302  1960  1012   657   991   631   691   613   491   425   367   386
WG6302  1970   387   505   664   361   257   466   697   703   877   901
WG6302  1980   825   725   444   553   924  1219  1363  1017   899   989
WG6302  1990  1076  1308   887   634  1057   624 -9999
WG6303  1931   336   518   757  1181   711  1251  1037  1399   860
WG6303  1940   941  1403  1650  1478  1178  1413  2009  2117  1562  1712
WG6303  1950  1799  1225  1411  1248  1158   902   336   252   420   309
WG6303  1960   380   162   150    76    68    58    58    58    68   110
WG6303  1970   129   120   126   134   151   252   232   192   292   274
WG6303  1980   232   279   158   325   254   338   485   423   486   677
WG6303  1990   908  1392  1033  1323  1086  1027 -9999
WG6304  1938   394   613
WG6304  1940  1109  1287  1290  1356  1051   748  1192   946   606   892
WG6304  1950  1238   814   680   925   672   385   511   491   308   145
WG6304  1960   249   371   653   271   373   456   466   596   498   811
WG6304  1970   813   835   835   526   442   421   464   442   546   504
WG6304  1980   378   315   462   422   528   656   804   550   613   760
WG6304  1990  1226  1733  1259   899   924 -9999
WG6305  1950  1081   487  1097   966  1483   853   501   607   588   696
WG6305  1960   676   401   232   210   419   271   207   166   310   431
WG6305  1970   427   402   491   381   317   444   635   423   592   762
WG6305  1980   571   740   487   656   571   529   656   444   380   529
WG6305  1990   613  1004   831   462   756   736 -9999
WG6306  1978  1378  2426
WG6306  1980  1796  2366  1305  1185  1015   465   613   358   400   696
WG6306  1990   996   948  1239  1083  1151 -9999
WH2504  1980   541   668   371   307   586  1346  2106  1724  1616  2176
WH2504  1990  2002  1938  1271   920   693   475 -9999
WH2508  1980  1464  1708   981  2070  1873  1608  2141  1762  1408  1916
WH2508  1990  1728  1465  2041  1077  1474  1117 -9999
WH2509  1853   242   108   152   112   305   300   201
WH2509  1860   218   243   141   152   280   151   186   425   413   167
WH2509  1870   115   198   258   503   417   441   345   482   280   240
WH2509  1880   242   203   197   149   227   223   206   272   825   642
WH2509  1890   685   906   917   898   963  1122   534  1000   620   433
WH2509  1900   449   338   233   416   356   482   815   937   894   963
WH2509  1910   989   867   867   508   613   825   930   535   683   922
WH2509  1920   526   653   650   400   442   670   736   795   776   861
WH2509  1930   653   654   611   653   633   652   570   727   714   804
WH2509  1940   994   910   930   845   888   825   846   972   762   970
WH2509  1950  1279  1118  1500   887   822   732   922  1006   901   587
WH2509  1960   993  1112  1237  1174   823  1008   884   823   719   985
WH2509  1970   696  1034  1372   862   696  1117  1158  1370  1184  1051
WH2509  1980  1091  1075   864   631   902  1108  1219  1752  1259  1460
WH2509  1990  1528  1901   779   843  1424  1244 -9999
WH3502  1936   411   351   719   529
WH3502  1940   974  1416  1978  1933  1575  1679  2517  2743  1274  1801
WH3502  1950  1056   844   949   391   517   378   274   125    85   105
WH3502  1960   253   253   232   101    51    78    75    87    41    44
WH3502  1970    73   117    95   109   109    76    90   106   161   148
WH3502  1980   106   148   106   232   274   360   518   590   506   528
WH3502  1990   529   487   444   296   394   209 -9999
WH4101  1908   998  1309
WH4101  1910  2520  2188   735  1246  2162  2248  1565  1278  1692  2381
WH4101  1920  1907  2293  1983  1268  1354  1163  1522  1882  1607  1560
WH4101  1930  1385   933  1199  1369  1755  1628  1371  1563  1603  1164
WH4101  1940  1532  1374  1808  1619  1598  1432  1617  1607  1114  1226
WH4101  1950  1416  1269  1626  1185  1370  1225  1267  1308   970   634
WH4101  1960  1290  1181  1433   821   840  1111  1106  1373   709  1212
WH4101  1970   838  1153  1298   673   502  1139   978  1062  1122   870
WH4101  1980  1032   885   579   852   937  1064  1098  1099   772  1321
WH4101  1990  1250  1057  1157   651   799   636 -9999
WH4102  1907   212   233   233
WH4102  1910   211   233   212   211   275   296   338   190   317   423
WH4102  1920   358   333   438   402   529   444   381   485   547   627
WH4102  1930   689   349   572   544   648   775   566   859  1041   684
WH4102  1940  1075  1013  1014  1058   811   890   926  1051   462   840
WH4102  1950   799   546   695   611   443   443   506   551   422   274
WH4102  1960   442   368   489   500   312   312   322   326   291   318
WH4102  1970   249   375   350   164   231   316   190   252   231   254
WH4102  1980   211   254   212   222   180   272   207   114   275   444
WH4102  1990   353   424   302   190   328   148 -9999
WH4103  1907   610   794   547
WH4103  1910   526   184   171   239   121    92   112   105   198   362
WH4103  1920   296   301   374   393   518   529   591   572   487   319
WH4103  1930   184   218   798   635   697   683   481   610   628   616
WH4103  1940   947   948  1540  1666  2122  1564  1858  2172  1303  1695
WH4103  1950  2208  1636  1910  1433  1268   912  1183  1065   807   610
WH4103  1960  1085   775   941   756   556   638   702   457   398   661
WH4103  1970   393   417   410   188   189   496   337   307   242   264
WH4103  1980   295   253   137   199   345   292   368   284   338   587
WH4103  1990   651   755   777   432   579   538 -9999
WH4104  1919   567
WH4104  1920   492   628   559   530   433   346   471   461   314   621
WH4104  1930   333   441   613   464   466   452   342   457   944   668
WH4104  1940   991   866   990   837   969   812   936  1225  1019  1409
WH4104  1950  1192   888  1099  1320  1195   803  1069  1311  1015  1047
WH4104  1960  2011  1792  1807  1496  1062  1517  1187  1397   921  1457
WH4104  1970  1162  1128  1277  1181  1191  1609  1490  1482  1474  1355
WH4104  1980  1109  1339  1302  1465  1281  1469  1144  1170  1042  1329
WH4104  1990  1090   966   766   502   533   505 -9999
WH4501  1940   610   560   822  1109   892   963  1108  1621   969  1842
WH4501  1950  1794   766   724   914   867   991  1057  1288  1025  1234
WH4501  1960  1283  1462  1300  2149  2463  2397  2614  1993  1999  2693
WH4501  1970  2436  2342  3512  1764  1726  1581  2031  2449  2966  3054
WH4501  1980  2178  2369  2437  2614  3262  3183  3076  2842  2978  3147
WH4501  1990  3703  4601  4378  3095  4079  3357 -9999
WH5202  1866  1434  1547  1254  1190
WH5202  1870  1260  1331  1179   814   428   515   716   691   811   734
WH5202  1880   919   762  1216   838   983   854   708   652   869   576
WH5202  1890   681   422   716   887   811   900   828  1245  1390  1041
WH5202  1900  1166   698   731   949  1109   982  1417  1284  1274  1197
WH5202  1910  1541  1112  1347   606   888   855   946   528   635   783
WH5202  1920   978   870  1164   594   737   599   589   762   692   734
WH5202  1930   708   477   462   707   607   870   566  1307  1931  1015
WH5202  1940  1773  1564  1402  1632   931  1359  1438  1889  1045  1727
WH5202  1950  1639  1276  1756  1443  1088  1345  1288  1598  1142   807
WH5202  1960  1727  1235  1691  1737   958  1178  1335   960  1010  2044
WH5202  1970  1000  1524  2719   853   707  1206  1138  1635  1446  1280
WH5202  1980  1507  1567  1076  1466  1155  1383  1156  1720  1694  2418
WH5202  1990  2268  2090  1435  1116  1223   523 -9999
WH5205  1886  1087  1119  1528   971
WH5205  1890   342   790   612   931   528   836   625   601   583   495
WH5205  1900   761   475   575   531   388   328   469   485   380   393
WH5205  1910   375   473   256   279   278   380   523   445   500   658
WH5205  1920   677   630   679   807   888   663   978   917   542   815
WH5205  1930   643   541   605   791   834   837   652   820  1072   946
WH5205  1940   907   928  1201  1054   950   930  1289  1171   867  1507
WH5205  1950  1637  1172  1869  1336  1814  1596  2037  1855  1465  1176
WH5205  1960  2760  1722  2342  2197  1192  1538  1537  1815  1077  2769
WH5205  1970  1073  1177  1734   957   702  1143  1004  1305  1529  1297
WH5205  1980  1648  1386   881   994   975   894   921  1705  1023  1338
WH5205  1990  1129  1251  1270   669   782   464 -9999
WH5206  1863   376   392   470   411   358   372   178
WH5206  1870   199   390   109   157   143   165   128   176   141   156
WH5206  1880   171   145   129    78   133   188   148   169   129   147
WH5206  1890   184   152   211   232   274   211   316   612   415   163
WH5206  1900   334   523   272   328    79    87   210   173   234   154
WH5206  1910   366   453   551   240   290   495   567   463   514   667
WH5206  1920  1059  1647  1789  1633  1574  2039  3297  4008  2541  4711
WH5206  1930  3663  5786  3631  2576  3194  3251  1536  2489  3423  2248
WH5206  1940  2239  2133  2225  1961  2114  1796  1728  1876  1311  1713
WH5206  1950  1692  1079  1331  1012  1088  1067  1216  1408  1010   654
WH5206  1960  1032   779   983   876   710   773   816   840   754  1363
WH5206  1970   797  1130  1171   586   523  1004   898   789   685   725
WH5206  1980   682   827   639   663   846   841   679   781   842   985
WH5206  1990   903   985   944   603   755   770 -9999
WH5207  1915   688   824   431   431   472
WH5207  1920   435   498   270   516   464   409   601   962  1218  1407
WH5207  1930  1754  1943  1607  1479   738  1145  1189   979  1538  1192
WH5207  1940  1205  1142  1142   993   788   572   896  1316   826  1025
WH5207  1950  1254  1159  1178   783   813   652   519   528   391   333
WH5207  1960   703   586   975  1398   920   880   807   943   617   910
WH5207  1970   711   861   865   379   358   504   399   593   668   649
WH5207  1980   758   704   436   456   414   679   501   684   583   896
WH5207  1990   629   708   491   235   429   337 -9999
WH5209( 1873   694   528   526   398   529   350   404
WH5209( 1880   327   597   433   268   247   473   392   427  1265   819
WH5209( 1890   534   690   774   753   699   926   659   511   750   536
WH5209( 1900  1222   937   695   800   764   871  1000  1150   929  1110
WH5209( 1910  1248  1007  1185   550   992  1244  1155   736  1010  1035
WH5209( 1920  1205  1141  1115   631   940   935   906   843   717   861
WH5209( 1930   943   621   871   791   772   984   566  1008  1177   801
WH5209( 1940  1034  1015  1056  1034   865   888  1079  1248   571  1267
WH5209( 1950  1396  1289  1692  1330  1011  1117  1055  1309   994   591
WH5209( 1960  1435   925  1114  1161   696   654   740   676   529   783
WH5209( 1970   592   740  1142   782   422   718   698   867   825   740
WH5209( 1980   761   634   571   655   444   571   550   528   444   613
WH5209( 1990   634   676   591   401   549   411 -9999
WH5401  1975   857  1088   809   892   899
WH5401  1980   659   516   311   524   499   843   847   569   612  1099
WH5401  1990  1480  2285  1524  1291  1566  1174 -9999
WH5402  1934   207   238   190   275   211   140
WH5402  1940   117   145   233   254   360   445   588   449   184   162
WH5402  1950    49    22    51    85   209   240   193   337   175   182
WH5402  1960   171   204   494   518   891  1609  1407  1380  1557  1932
WH5402  1970  1108  1252  1471  1109   768   821  1368  1151  1757  2383
WH5402  1980  2628  2712  3070  4248  3072  4173  3898  3874  4655  4918
WH5402  1990  5694  5587  4725  3680  4758  3715 -9999
WH5403  1947   110   115   129
WH5403  1950   125   152   212   552   454   774   682   502   789   775
WH5403  1960   828   318   335   370   316   337   631  1093  1360  2486
WH5403  1970  1237  1608   996   543   314    94    42   117   249   481
WH5403  1980   328   399   299   586   446   665   701   675   807  1141
WH5403  1990  1407  1515  1423  1326  1138   883 -9999
WI1302  1977   469   484   263
WI1302  1980   364   515   427   479  1049  1976  2692  1881  2278  2794
WI1302  1990  2077  4042  3505  2814  2315  1559 -9999
WI1503  1960   341   104   127   246   199   391   467   677   737  1093
WI1503  1970   823  1521   773  1162   613   299  1702  2009  1937  1098
WI1503  1980  1499  1952  1464  1516  2009  1476  1146   592   757  1265
WI1503  1990  1680  3031  3599  3695  4154  3394 -9999
WI4201  1970   190   193   131   141   127   170   297   293   382   472
WI4201  1980   628   469   481   596   836  1096  1074  1140  1636  2133
WI4201  1990  2059  2276  2423  2626  3191  2656 -9999
WI4301  1947  1151  1015   816
WI4301  1950  1853  1264  1351  1406  1606  1203  1008  1164  1025  1270
WI4301  1960  1526  1568  2253  2185  1932  2323  2664  2665  2718  2582
WI4301  1970  2531  2582  2466  2480  1775  1408  1475  1707  1515  1543
WI4301  1980  1602  1535  2296  2787  2691  2918  2321  2687  2211  2754
WI4301  1990  3518  5220  4754  3536  4033  2623 -9999
WI4307  1960   223   210   130   171   169   223   294   360   318   594
WI4307  1970   338   420   576   801   713    98   122   200   273   314
WI4307  1980   440   464   358   726  1115   866   606   845  1653  2256
WI4307  1990  1972  1596  2515  1746  2063  1480 -9999
WI5301  1976   392   440   527   688
WI5301  1980   917   790  1104  1034  1117  1000   937   690   783   967
WI5301  1990   911   818   753  1084  1264   741 -9999
WJ3502  1926   169   466   148   190
WJ3502  1930   211   146   147   162   129   130    90   152   251   329
WJ3502  1940   662   545   591   477   410   490   407  1167   972  1042
WJ3502  1950  2778  2168  1561  1820  1609   844   736   313   241   180
WJ3502  1960   361   348   665   467   651   846   894  1041   923   931
WJ3502  1970   652   773   854   481   494   586   460   644   328   427
WJ3502  1980   432   307   266   311   373   577   399   422   481  1088
WJ3502  1990  1123  1303  1134  1449  1160   839 -9999
WJ3503  1873   261   173   285   338   296   317   316
WJ3503  1880   225   193   294   325   485   525   833   284   952   830
WJ3503  1890  1359  1226  1390  1549  1282  1101   812  1089   465   769
WJ3503  1900   789   706   897   982   710   708  1116   841   821   473
WJ3503  1910   921  1213  1095  1114  1001   928   602   485   538   909
WJ3503  1920   889  1015   834   811  1079  1097  1263  1562  1056  1118
WJ3503  1930  1402  1120   913  1081   997  1230   959   985   786   874
WJ3503  1940   937  1027   998   904   940   972  1227  1512  1121  1573
WJ3503  1950  1628  1560  1777  1597  1354  1057  1300   943   626   711
WJ3503  1960  1457  1919  1959  1565  1651  1466  1525  1466  1256  1486
WJ3503  1970  1089  1226  1544  1014   677   836   666   962   751   508
WJ3503  1980   760   889   708   873  1638  1773  1598  1745  1899  2649
WJ3503  1990  2836  3435  2686  1456  1275  1112 -9999
WJ3504  1918   326   267
WJ3504  1920   227   248   142   208   520   372   469   420   487   884
WJ3504  1930   390   479   354   519   292   328   247   283   418   473
WJ3504  1940   591   531   563   420   568   337   529   965  1569  2373
WJ3504  1950  3190  2461  2097  2859  2344  1100   953   940   694   537
WJ3504  1960   567   383   550   455   368   542   898  1445   878  1036
WJ3504  1970  1036  1160  1346   856   695   719   867  1006   915  1033
WJ3504  1980   975   780   818   908  1248  1211  1087   881  1218  1591
WJ3504  1990  1812  2823  1378  1068 -9999
WK3102  1952   957   830   539   608   445   500   303   400
WK3102  1960   583   240   406   941   529   826   985   936  1110  1504
WK3102  1970  1682  1447  1153  1226   695   659  1107  1130  1224  1368
WK3102  1980  1352  1695  1487  1380  1576  1023  2010  1670  1227  1445
WK3102  1990  1806  1036  1581   883  1132  1193 -9999
WB5101  1975   252   296   249   202   157
WB5101  1980   191   327   401   315   315   531   487   381  1634  1694
WB5101  1990  1301  1569  1920  1953  2202  2039 -9999
WB6302  1871   995   508  1206  1206   659  1002   960   795   349
WB6302  1880   164    43    93    94    73    80    89    56    71   107
WB6302  1890    89    74   169   300   341  1005  1353  1558  1846  1170
WB6302  1900   955   488  1515  1264   995  1163   931  1386  2136  1701
WB6302  1910  3075  2364  3231  3331  2824  3667  3824  4860  1469   622
WB6302  1920   764  2009  4838  5905  5617  5116  4352  4598  3974  3848
WB6302  1930  4092  3880  4236  3175  4151  3165  3489  3235  4536  2728
WB6302  1940  3522  2995  3034  2506  2215  2930  3808  3456  3539  4140
WB6302  1950  3887  3004  3233  3065  3667  2908  2345  3054  3227  1919
WB6302  1960  1266  1814  2739  2847  1343  1519  1609  1545  1630  2454
WB6302  1970  2030  2687  3639  2094  2300  2312  2290  2179  2276  2623
WB6302  1980  2872  2688  1775  1917  1958  2082  1826  2537  2138  2010
WB6302  1990  1926  2410  1777  1736  2168  1526 -9999
WB6407W 1938   997  1421
WB6407W 1940   847  1742  2454  2390  2552  2578  2934  2920  1667  1890
WB6407W 1950  1880  1837  1307  1200  1573  1401   587   782   994   804
WB6407W 1960   823   760   781  1012   903  1113  1263   865   823  1942
WB6407W 1970  1225  1159   991   801   884   990   821   969  1116  1053
WB6407W 1980  1201  1577  1522  1460  1853  1874  1734  1311  1395  1350
WB6407W 1990  1788  2506  1854  1704  2068  1236 -9999
WC1307  1976  1901  1734  2387  2322
WC1307  1980  1929  1829  1732  2409  2585  2663  1950   902  1337  2511
WC1307  1990  2087  2861  2277  1868  2179   646 -9999
WC1308  1956   378   390    87   152
WC1308  1960   615   847   721  1054  1058  1068  1858  1591  1794  1448
WC1308  1970  2386  1805  2870  2259  1921  1494   685   504   284   470
WC1308  1980   988   681   555   717   715   722   656   431   802   760
WC1308  1990   930  1078  1128  1106  1719  1720 -9999
WC2106  1969   276
WC2106  1970   158   156   208   141   196    81   177   238   135   239
WC2106  1980   282   307   625   668  1322  1313  1389   889  1782  1816
WC2106  1990  3035  3528  3446  3395  4187  3218 -9999
WC2203  1977   424   403   318
WC2203  1980   297   276   424   911   636   752  1026   977  1673  2522
WC2203  1990  3101  3143  3372  2591  3058  4866 -9999
WC2305  1978   399   359
WC2305  1980   381   614   487   466   569   591   492   324   549   927
WC2305  1990  1011  1537  1377  2144  2473  2542 -9999
WC3401  1969   109
WC3401  1970   148   176   226   183   333   204   341   294   414  1043
WC3401  1980   960  1238  2040  1262  1888  1475   863   997  1674  2180
WC3401  1990  2156  2545  1914  1972  2011  2255 -9999
WC4301  1916   318   401   275   190
WC4301  1920   487   466   825   625  1041   870  1238  1398  1547  1653
WC4301  1930  1223  1389   242    65   135   206   259   376   868   953
WC4301  1940  1476  1630  1360  2470  1961  2656  3622  3973  2256  3626
WC4301  1950  1455  2287  3414  2909  2416  2653  2352  1840  2121  1096
WC4301  1960  2022  2565  2580  2602  1895  3159  4370  3650  1183  2801
WC4301  1970  3057  3655  3090  2045  2331  3979  3308  2522  3322  4682
WC4301  1980  4603  3232  2770  2685  2959  3804  2683  3256  3089  4410
WC4301  1990  4547  3303  3649  2768  2993  2565 -9999
WC5206  1952    32  1049   442   365   316   217   202   233
WC5206  1960   174   195   312   337  1035   916  1602  1239  1317  1418
WC5206  1970  1185  1332  1897   400   908   508   619   319   120   295
WC5206  1980    91   246   140    63    35    63    49    84    70    77
WC5206  1990    69   194    95    87   112    63 -9999
WC5207  1911   128   217   225   232   169   273   209   392   268
WC5207  1920   206   166   246   476   522   426   276   465   553   290
WC5207  1930   208   210   252   200    75   127   189   147   126    84
WC5207  1940   317   269   209   287   126   169   324   204   183   197
WC5207  1950    84   120   169   134   141   218   161   140   141    99
WC5207  1960    42    84   140   166   120   109   125   329   446   645
WC5207  1970   478   830   792   433   438   507   697   412   566   661
WC5207  1980   582   691   472   620   683   810   761   684   494   719
WC5207  1990   698  1008   747   633   701   666 -9999
WE1203  1985   939   739  1013  1155  1981
WE1203  1990  1492  1986  3397  3481  3129  2183 -9999
WF6402  1918   695   591
WF6402  1920   347   223   255   461   504   534   616   528   568   579
WF6402  1930   399   236   254   256   456   503   861   641   610   945
WF6402  1940  1963  1191  1150   885   732   463   355   427   616   817
WF6402  1950   761   529   844  1183  1034   663   759   856  1041   895
WF6402  1960  1081   991  1050  1018  1113  1229  1598  1408  1377  1517
WF6402  1970  1494  1411  1576  1336  1478  1134  1552  1661  1454  1710
WF6402  1980  1523  2065  2305  2721  3317  4162  4435  4125  3980  6218
WF6402  1990  6754  5768  5211  4763  5377  3547 -9999
WH2503  1897   192   126   212
WH2503  1900   212   159   286   233   148   169   148   232   233   306
WH2503  1910   497   452   519   593   486   443   591   359   527   547
WH2503  1920   814   896   867   613   676  1397  1604  1393  1070  1070
WH2503  1930  1025  1049  1138   923   854   892   738   651  1462   590
WH2503  1940   708   350   339   448   351   232   378   562   411   386
WH2503  1950   614   497  1089   846  1164   995   889   783   614   659
WH2503  1960   678   444   801   550   427   368   362   747   836  1347
WH2503  1970   771  1256  1246   824   613   635   782   797   972  1246
WH2503  1980   723   698   226   137   124   149   171   367   422   701
WH2503  1990  1030  1206  1376   836   920   501 -9999
WH2507  1957   819   542  1003
WH2507  1960   864  1207   732   716   949  1077  1182  1503  1605  1088
WH2507  1970  1484   964  1137   889   148   190   275   254   166   125
WH2507  1980    77    63   125   269   487   402   273   401   570   866
WH2507  1990   868   955   922   479   666   384 -9999
WH4202  1807   302   315   156
WH4202  1810   214   133   158    88   130   120   120    91   105    81
WH4202  1820    61    76    85    76   125   169   148   212   233   297
WH4202  1830   297   254   469   306   517   417   390   473   375   335
WH4202  1840   439   374   329   347   306   320   221   199   230   213
WH4202  1850   192   152   141   149   136   202   185   215   384   235
WH4202  1860   313   227   150   234   206   249   259   251   177   293
WH4202  1870   320   227   188   207   248   304   226   256   178   169
WH4202  1880   216   301   232   271   429   340   258   290   431   300
WH4202  1890   314   280   301   337   463   405   290   419   350   419
WH4202  1900   504   327   247   317   255   213   393   298   371   352
WH4202  1910   293   247   287   267   323   306   269   234   274   293
WH4202  1920   273   272   200   248   296   218   359   338   359   280
WH4202  1930   302   264   321   338   358   437   338   418   500   401
WH4202  1940   461   501   623   768   570   615   758   822   473   741
WH4202  1950   811   583   958   874   665   772   813   937   731   503
WH4202  1960   901   653   832  1006   475   783   802   681   564   877
WH4202  1970   699   660  1037   688   334   606   545   831   800   872
WH4202  1980   885   759   591   612   528   867   596   721   672  1140
WH4202  1990  1436  1056  1027   440   832   455 -9999
WH4203  1888   115   178
WH4203  1890   235   256   381   444   399   532   847  1039   812   963
WH4203  1900   985   770   710   827   918   886   951   739  1095   761
WH4203  1910   817   426   324   304   303   264   297   129   203   145
WH4203  1920   251   267   246   140   216   161   216   254   218   294
WH4203  1930   301   226   191   189   210   134   134   193   240   257
WH4203  1940   293   234   234   391   293   313   332   390   313   568
WH4203  1950   661   550   477   400   588   477   496   602   640   574
WH4203  1960  1049   760   814   664   613   693   793   607   486   775
WH4203  1970   507   508   854   326   454   632   520   575   585   623
WH4203  1980   699   572   440   594   597   619   530   570   549   674
WH4203  1990   734   859   873   406   670   524 -9999
WH4204  1868   523   358
WH4204  1870   401   655   486   528   527   654   676   571   460   591
WH4204  1880   407   237   209   275   237   402   708   330   393   463
WH4204  1890   791   798   923   986   885   867   486   702   353   317
WH4204  1900   506   339   296   232   198   157   214   296   358   503
WH4204  1910   675   378   295   252   210   357   294   282   347   199
WH4204  1920   218   313   272   270   438   438   415   576   518   709
WH4204  1930   898   843   638   617   771   742   554   892  1282  1007
WH4204  1940  1130  1090  1328  1279  1322  1198  1568  1805  1406  1467
WH4204  1950  1753  1705  1630  1942  2086  1546  1449  1446  1071   589
WH4204  1960  1348   971   943   757   420   483   719   600   478   810
WH4204  1970   644   706   913   353   353   933   499   643   535   663
WH4204  1980   710   731   584   623   644   789   791   896   625   834
WH4204  1990   812  1288   697   338   592   397 -9999
WH5204  1935   182   170   141   179   164
WH5204  1940   196   111   190   190   148   190   190   169   240   128
WH5204  1950   169    69    79    80    66    79    66   133   103    75
WH5204  1960    84    93    54   102    87    91    78   108   112   162
WH5204  1970   190   289   292   250   223   309   228   230   249   483
WH5204  1980   609   569   592  1079   755  1149  1235  1195  1015  1247
WH5204  1990  1483  1409  1448   825  1106   780 -9999
WH5208  1803   258   108   102   200   128   168   127
WH5208  1810   187   249   269   331   330   432   387   535   709  1162
WH5208  1820  1168   573   628  1150   699   656   558   831   651   671
WH5208  1830   568   490   813   965   723   707   592   612   552   384
WH5208  1840   430   349   356   263   151   340   114   105   183   183
WH5208  1850   126   137   138   177   148   128    79   237   217   352
WH5208  1860   165   223   183   300   272   253   194   308   347   252
WH5208  1870   233   192   288   254   293   332   391   396   277   209
WH5208  1880   356   341   382   209   411   289   238   257   314   166
WH5208  1890   206   156   250   253   371   371   331   446   548   415
WH5208  1900   460   321   344   410   287   248   414   311   328   286
WH5208  1910   313   356   357   317   442   442   379   253   338   508
WH5208  1920   444   359   380   253   443   422   337   401   336   462
WH5208  1930   441   252   378   294   294   377   294   419   397   334
WH5208  1940   377   293   357   378   273   419   376   416   353   455
WH5208  1950   475   515   655   555   698   678   985   905   733   611
WH5208  1960  1263   757   883   568   431   431   475   409   377   858
WH5208  1970   709   919  1041   333   271   541   436   581   456   498
WH5208  1980   576   537   393   418   537   518   540   491   519   641
WH5208  1990   535   537   541   355   492   230 -9999
WI4303  1855   203    87   154   288   221
WI4303  1860   256   143   220   203   129   229   116   145   126    97
WI4303  1870   111   121   107   103    83   127   120   123   107    90
WI4303  1880   204   359   339   493   793   378   305   255   254   259
WI4303  1890   482   441   778  1111  1105  1030   764   887   990   556
WI4303  1900   463   397   686   983   674   773  1087   775   734   416
WI4303  1910  1291   838   553   504   326   271   263   318   521   699
WI4303  1920   886   960  1163   905   938   837   951  1129   802   677
WI4303  1930   657   361   468   568   701   741   757   862   926   530
WI4303  1940   797   694  1211   928  1261  1407  1048  1376   972   899
WI4303  1950  1687  1401  1692  1892  1649   819   877   939   443   137
WI4303  1960   507   780  1308   801   653   739   663   458   624   853
WI4303  1970   553   925  1015  1502  1111   729   761   587   725   809
WI4303  1980   438   180   153   321   258   618   465   550   423   316
WI4303  1990   337   681   452   324   246   327 -9999
WI4309  1870   340   286   254   340   403   623   455   608   504   305
WI4309  1880   221   159   320   389   286   306   166   130   192   266
WI4309  1890   143   101   124   244   347   502   294   350   539   642
WI4309  1900   596   658   674   956   715   258   376   463   384   462
WI4309  1910   502   496   443   320   331   377   374   222   317   345
WI4309  1920   596   867   775   897  1291  1291  1198  1094  1083  1012
WI4309  1930  1268  1294  1107   739   710   790   928  1082  1344  1438
WI4309  1940  1611  1108  1198   720   859   987  1326  1388  1449  1154
WI4309  1950  1361  1059   882   739   609   588   699   766   565   544
WI4309  1960   380   227   242   138   188   234   295   655    97   118
WI4309  1970   185   320   243   493   565   187   239   501   548   503
WI4309  1980   269   413   423   493   871   657   462   259   298   373
WI4309  1990   434   608   515   493   578   258 -9999
WI5501  1961   244   238   140   456   673   611   950   874   370
WI5501  1970   296   528   312   272   226   261   123   449   441   550
WI5501  1980   652   633  1097  1502   835  1584  1113   892  1483  2600
WI5501  1990  3443  4240  4497  2372  2584  2120 -9999
WA1101  1945   868   901  1428  1629  1361
WA1101  1950  1311  2010  1541  2147  2210  2133  1650  1227  2131  1924
WA1101  1960  2109  2378  2603  2743  2638  3069  4667  4053  7911  6463
WA1101  1970  3428  2592  4964  1833  3119  3622  3364  3787  3545  3461
WA1101  1980  3104  3404  2770  3509  3485  2894  3482  3562  3594  5141
WA1101  1990  5535  5611  4224  4338  4969  2153 -9999
WA1106  1965    17   638   869   654   961
WA1106  1970   733  1067   787   636  1040   916  1195  1667  1118  1587
WA1106  1980  2074  1966  1923  2530  2718  3444  3728  2993  2899  4565
WA1106  1990  5460  4780  5344  4070  5030  2243 -9999
WA1310  1932   591   106   211   359   616   758   888   529
WA1310  1940   487   716   635    96   142   121    88   178   182   120
WA1310  1950   174   447   550  1001  1050  1070  1237   887  1057  1333
WA1310  1960  1439  1077  1436  1608  1268  1880  1226  1913  1337  1674
WA1310  1970  2093  2877  3194  2153  3227  1313  3196  4444  5414  6381
WA1310  1980  6308  4640  5291  7744  6320  6599  4986  4905  6129  8532
WA1310  1990 10167  8957 10068  5907  4971  3821 -9999
WA1403  1965   265   285   571   528   738
WA1403  1970   740  1263  1053   841   949   654  1309  1278  1385  1595
WA1403  1980  1548  1929  2364  2233  3063  2999  2760  2590  2665  3115
WA1403  1990  4295  4347  3952  3517  4973  2583 -9999
WA2102  1946   464   360   403   488
WA2102  1950   712   379   659   726   680   779   665   900   602  1090
WA2102  1960  1191  1361  1818  1403  1483  2038  2408  3078  3408  3985
WA2102  1970  3559  5890  4189  3004  2898  3612  3089  4104  4734  5926
WA2102  1980  5167  3907  3283  3289  2866  2826  2934  3551  3633  4360
WA2102  1990  5626  5856  5578  4489  4590  2147 -9999
WA2301  1963   414   304   412   444   508   592   886
WA2301  1970   694   906   761   633   773   480   960   856  1400  1234
WA2301  1980  1465  1487  2357  1875  2006  2263  1988  1628  2051  2388
WA2301  1990  2430  2792  3469  3630  4217  1519 -9999
WA2501  1873    50   461   518   701   874   463   468
WA2501  1880   354   275   169   381   602   652   655   825  1249   762
WA2501  1890  1037   550   451   539   358   316   295   315   419   462
WA2501  1900   544   416   270   332   351   541   817   947   815  1015
WA2501  1910  1137  1250   757  1678  1646  1567  1164  1055   992   800
WA2501  1920   569   738   928   929  1055  1476  1381  1938  1351  1586
WA2501  1930  2009  2071  2207  2098  2530  2900  2179  1630  1799  1270
WA2501  1940  1624  1993  2042  1603  1393  1777  1608  1566   720   910
WA2501  1950   857   931  1729  1182  1379  1550  1363  1197   533   775
WA2501  1960  1457  1121  1291  1079   508   762   781  1326  1485  1990
WA2501  1970  1695  1876  2343  1415  1060  1152  1050  1766  1897  2084
WA2501  1980  2548  1769  1764  2486  2069  2225  2006  1545  1312  1820
WA2501  1990  2180  1847  1423   965  1185   853 -9999
WA2502  1861  1209  1055   832   823  1173  1421  1137  1307   643
WA2502  1870   719  1676  1048   860   863   761   446   590   254   233
WA2502  1880   286   243   189   190   126   190   190   273   352   259
WA2502  1890   316   415   265   248   269   164   143   268   244   281
WA2502  1900   201   220   212   253   214   359   425   440   581   635
WA2502  1910   741   322   623   563   669   786   839   646   662   814
WA2502  1920   677   757   907   875  1067  1340  1404  1631  1406  1502
WA2502  1930  1874  1833  1680  1157  1416  1657  1292  1194  1427  1217
WA2502  1940  1067  1464  1572  1175  1056  1199  1281  1271   982   736
WA2502  1950  1269  1231  1529  1198  1059  1250  1221  1190   563   842
WA2502  1960  1170   887  1124  1559  1008   860  1169   910   945  1479
WA2502  1970  1162  1357  1995  1286  1281  1043   777  1265  1514  1852
WA2502  1980  2006  1383  1363  1593  1501  1318  1198  1080  1133  1642
WA2502  1990  1846  1898  1271   760   838   513 -9999
WA2503  1856   897   414    93   148
WA2503  1860   125   167   175   231   181   186   208   207   166   187
WA2503  1870   203   150   167   126   126   150   146   190   139   125
WA2503  1880   190   141   138   202   126   106   378   370   414   323
WA2503  1890   473   273   168   250   199   278   286   394   346   378
WA2503  1900   736   554   641   642   194   134   367   514   718   737
WA2503  1910   592   571   551   613   822  1060   965  1008  1161  1185
WA2503  1920  1124  1297  1491  1426  1589  1447  1133  1564  1501  1746
WA2503  1930  2193  1979  1718  1266  1525  1671  1437  1525  1801  1924
WA2503  1940  1835  1636  1494  1365  1283  1411  1491  1607  1523  2179
WA2503  1950  2391  1903  1965  2069  1754  1838  1945  1502  1121   973
WA2503  1960  1523  1397  1284  1099  1095  1331  1455  1034  1063  1131
WA2503  1970  1167  1157  1502  1181   820  1205  1171  1290  1269  1248
WA2503  1980  1185  1216  1115  1131  1316  1502   952  1079  1007  1648
WA2503  1990  1771  1756  1335  1035  1509  1041 -9999
WA2504  1877   392  1009   664
WA2504  1880   391   588   910   487   254   244   216   249   422   786
WA2504  1890   527   338   352   570   398   415   220   284   252   313
WA2504  1900   676   530   397   439   504   918   919  1015  1034   993
WA2504  1910  1162   761   931  1155  1264  1496  1320  1300  1282  1312
WA2504  1920  1474  1832  1777  1313  1523  1587  1651  1925  1565  2050
WA2504  1930  2131  2883  2542  2210  2603  2398  1839  1958  2989  2039
WA2504  1940  2729  2391  2540  2633  2814  2293  3002  3159  2291  2708
WA2504  1950  2653  2653  3170  2442  2312  2178  2009  1515  1140  1250
WA2504  1960  2513  1685  2396  1390  1374  1938  1817  1716  1761  1762
WA2504  1970  1500  2011  2252  1670  1270  1656  1837  1697  1796  2085
WA2504  1980  1818  1648   791  1157  1358  1390  1294  1172  1399  1847
WA2504  1990  1826  1759  1019   753   822   516 -9999
WA2505  1870     8    82   159    95   114   176   129   121   116   113
WA2505  1880   154   100   126   439   331   445   279   253   189   520
WA2505  1890   370   529   387   663   628  1146   427   858  1027  2160
WA2505  1900  3264   449   441   757   248   236   306   649   990   990
WA2505  1910   505   591   261   323   426   550   740   506   973   396
WA2505  1920   498   411   371   318   344   259   184   234   211   290
WA2505  1930   386   389   321   333   714   664   613  1047  1427  1481
WA2505  1940  1596  1194  1358  1361  1596  1751  1824  2174  1253  1904
WA2505  1950  2141  1942  2820  1855  1545  1978  1854  1471   825   964
WA2505  1960  1354  1437  1608  1814  1184  1835  1960  1853  1670  1629
WA2505  1970  1899  2115  2608  2088  1210  1348  1221  1881  1932  2514
WA2505  1980  2437  1760  2006  2475  2072  2600  1670  1403  1489  2896
WA2505  1990  3107  2479  1441  1151  1641   825 -9999
WA3101  1956    21   460   419   437
WA3101  1960   410   275   402   276   318   382   370   427   497   566
WA3101  1970  1077  1224  1255   942   358   305   507   528   698   594
WA3101  1980   638  1064   755  1349  1228   901   926   840   832   794
WA3101  1990   940   982   577   590   465   467 -9999
WA3301  1948  1270  1760
WA3301  1950  2940  2165  2553  1904  1748  1602  1564  1436  1179   875
WA3301  1960  1024   665   789   409   725   860   626   768   766   763
WA3301  1970   817  1363  1325  1061   838   982   931  1145  1184  1139
WA3301  1980  1068  1105   884  1158   972  1056  1268  1162  1351  1646
WA3301  1990  1476  1542  1035  1209  1603   959 -9999
WA3302  1942  1871  1050   856  1150   775  1480   771  1355
WA3302  1950  1536  1964  1943  1672  2220  2299  2278  2115  1932  1659
WA3302  1960  2110  1755  2407  2218  2430  3203  3378  3559  3398  4049
WA3302  1970  2381  3780  3431  2849  2451  2342  2257  2382  2906  3398
WA3302  1980  3737  2848  1631  3153  2505  3300  2396  2587  2771  3851
WA3302  1990  3576  3431  2896  2192  3080  1289 -9999
WA3303  1972   391   390   550   444   766  1307   801  1246
WA3303  1980  1642   727   887   760   704  1042   703   923  1162  2307
WA3303  1990  3715  3237  3202  2581  2528 -9999
WA3304  1969   575
WA3304  1970   610   369   725  1443  1941  2320  1874  1428  1707  1967
WA3304  1980  1508   960  1000  1765   718  1182  1239   967   985   915
WA3304  1990   828   919   561   604   837   545 -9999
WA3305  1920   523   938  1443  1193   583   713   465   637   443   614
WA3305  1930   822   572   219   299   367   426   848   928  1576   591
WA3305  1940   821  1085   745  1034   649   564   595   715  1135  1310
WA3305  1950  1097   594   551   456   382   325   325   317   362   376
WA3305  1960   452   662   739   704  1019  1284  1425  1400   511   810
WA3305  1970   970  1677  2029  1404   896  1397  1429  1784  2215  1830
WA3305  1980  2678  2335  1832  2304  1722  1734  1225   940   842  1700
WA3305  1990   732  2765  1108   987  1277  1181 -9999
WA3307  1916  1749   702  1152  3498
WA3307  1920  1640  2009  1559  1390  1555  1555  1616  2047  1987  1791
WA3307  1930  1815  1374   914  1069  1454  1647  1584  1789  2365  2330
WA3307  1940  2453  2054  2294  2121  2091  2221  3131  3117  2519  3352
WA3307  1950  3378  2046  2319  2085  1903  1917  2364  2412  1990  1842
WA3307  1960  3425  2005  1681  3281  2879  4065  3211  4375  3005  3669
WA3307  1970  2366  3010  3207  2628  1832  2338  1945  2431  2474  3237
WA3307  1980  3532  2339  1692  2256  1435  1986  1922  1465  1955  3435
WA3307  1990  3064  1964  2016  1619  1711  1526 -9999
WA3401  1810   315   335   243   300   154   122   270   170   148   115
WA3401  1820   203   170   230   141   223   357   290   341   247   245
WA3401  1830   164   223    88   200   108   246   620   186   370   267
WA3401  1840   125   124   109   121    48    56    97    80   258   471
WA3401  1850   268   105   145   101   187   227   205   206   296   420
WA3401  1860   254   228   412   390   432   234   540   788  1129   964
WA3401  1870   985   570   666   773   704   923   517   418   849   740
WA3401  1880   718   387   471   306   267   386   259   222   184   225
WA3401  1890   220   159   296   711   255   342   299   280   280   261
WA3401  1900   221   170   460   563   122   140   742   397   140   266
WA3401  1910   223   387   181   207    93   107   164   192   277   353
WA3401  1920   398   197   146   179   399   373   448   682   873   651
WA3401  1930   981   750   783   861  1137  1398  1152  1234  1897  1816
WA3401  1940  1778  1555  1669  1308  1068  1288  1592  1575  1389  1115
WA3401  1950  1516  1564  1585  1099   867   908  1288  2134  2288  1630
WA3401  1960  2241  1335  1745  1191   939  1458  1300  1798  1756  1907
WA3401  1970  1121  1339  1733  1300   899  1288  1207  1386  1483  1820
WA3401  1980  1846  1247  1185  1861  1116  1413  1234  1237  1176  1932
WA3401  1990  1726  1382   808   401   543   242 -9999
WA3402 (1861  1965  1806  1902  2311  3570  2223  1849  1794  1294
WA3402 (1870  2169  2768  2557  3290  2382  1811  1993  2256  1948  2353
WA3402 (1880  1941  1900  2319  1529  1455  2372  1832  1810  3269  2149
WA3402 (1890  2730  2173  2609  2566  2102  3263  2670  2587  1806  2849
WA3402 (1900  2919  3228  2948  2863  2456  2649  2928  3062  2724  2343
WA3402 (1910  4276  3192  2812  2679  2908  3147  2916  1895  1930  1613
WA3402 (1920  1157  1126  1236  1520  2243  2299  2138  2407  2219  2475
WA3402 (1930  2633  2326  2428  2327  1945  2230  1907  2190  3903  4030
WA3402 (1940  4419  4103  3063  2705  2262  2304  2892  2232  2432  2239
WA3402 (1950  2030  1745  2118  2054  1664  2033  1869  2132  2169  2375
WA3402 (1960  2577  2147  2337  2453   613  1729  1587  1899  2097  1805
WA3402 (1970  1437  2205  2687  2249  1904  1861  1575  1699  1877  1300
WA3402 (1980  1831  1371  1428  2095  1478  1851  1220  1384  1175  2057
WA3402 (1990  2085  1783   577   560  1090   486 -9999
WA3403  1928   406   488
WA3403  1930   546   476   475   370   814   749   378   451   430   557
WA3403  1940   482   445   535   379   369   595   759   861   403   522
WA3403  1950   390   529   369   392   453   272   208   378   573  1062
WA3403  1960  2163  1883  1925  1448  1322  1904  1416  1363  1417  1627
WA3403  1970  1269  1333  1481  1185  1100  1501  1964  1774  2009  1967
WA3403  1980  1818  1604  1434  1289  1281  1299  1195  1070  1151  1348
WA3403  1990  1357  1454  1168   933  1308   983 -9999
WA3404  1939   391
WA3404  1940   465   476   709  1046   982   570   611   700   744   931
WA3404  1950  1340   945  1605  1275  1170  1143   783   528   400   253
WA3404  1960   530   495   692   504   608   439   189   190   148   232
WA3404  1970   296   423   362   378   487   570   464   380   571   781
WA3404  1980   587   741   422   444   507   516   541   507   824   633
WA3404  1990   739   675   506   316   442   332 -9999
WA3501  1893   275   212   141    82    92    78    91
WA3501  1900   106    99    85   134   130   212   159   243   265   264
WA3501  1910   339   254   254   265   256   417   270   331   269   309
WA3501  1920   328   362   281   337   315   332   254   372   335   653
WA3501  1930  1085  1321  1257   861   734   628   376   440   331   126
WA3501  1940   118   143    99   118   117   174   191   207   135   151
WA3501  1950   182   153   251   180   202   243   208   227   226   412
WA3501  1960   590   833   989   676   918   832   764   769   815  1025
WA3501  1970   876  1194  1146   873   850   770  1129   989  1057  1249
WA3501  1980  1288  1367  1255  1211   418   299   625   677   708  1273
WA3501  1990  1775  1573  1277   977  1540  1270 -9999
WA3504  1957  1611  1449   856
WA3504  1960  1003  1227  1545  1270   977   946  1011   873   760  1245
WA3504  1970   718  1006  1241   608   714   940  1021  1143  1074  1130
WA3504  1980  1091  1077   915  1187  1120  1018  1102   937   766  1151
WA3504  1990  1122  1574  1462   776  1128   879 -9999
WA3505  1910  2368  2189  2323  1504  1950  2798  2769  1830  2075  1348
WA3505  1920  1063  1091  1304  1241  1561  1457  1195  1687  1163  1041
WA3505  1930  1510  1325  1075   937  1111  1408   962  1037  1290  1065
WA3505  1940  1312  1112  1363  1110   970  1137  1116  1179   936  1050
WA3505  1950  1203  1029  1263   714   684   664   801   970   905  1096
WA3505  1960  1117  1075   992   930   888   930   888   888   867  1120
WA3505  1970   612   846  1079   613   529   782   803   990   790   895
WA3505  1980   946   905   568   630  1021  1003  1008   972   951  1180
WA3505  1990  1119   961   665   476   639   644 -9999
WA4101  1977  1632  2440  1523
WA4101  1980  1560  1351  1558  3009  2192  2761  1687   575   711  1382
WA4101  1990  1639  1615  1258  1339  2054  1491 -9999
WA4302  1938  1054   736
WA4302  1940   824   852  1053   909  1003  1011   906  1117  1608  1914
WA4302  1950  2185  2113  2436  1713  2337  2186  2400  2101  1676  1865
WA4302  1960  2807  1893  1914  1645  2069  2514  3087  2644  2493  3604
WA4302  1970  2902  3515  3390  2209  1787  2865  2859  3397  3956  5160
WA4302  1980  5401  3999  3497  3845  3655  4254  2891  4172  4551  5328
WA4302  1990  4969  5366  4677  3404  3835  3023 -9999
WA4401  1956   104   203   335   488
WA4401  1960   465   279   359   253   187   988   743   432   550   935
WA4401  1970   823   881   654   845   673   421   668   751  1086  1411
WA4401  1980  1881  1516  2318  2144  2651  2574  2011  2393  3409  4865
WA4401  1990  3701  3188  4950  4590  5211  3327 -9999
WA5101  1869   468
WA5101  1870   714   777   503   269   330   379   532   612   388   789
WA5101  1880   686   319   334   353   199    90   118   383   100   132
WA5101  1890   146   245   304   190   114   140   148   135   118   311
WA5101  1900   809   448   503   401   330   237   257   513   536   638
WA5101  1910   388   567   456   504   656  1362  1425  1189   881   560
WA5101  1920   415   662   592  1217  1341  1131   872  1279  1057  1458
WA5101  1930  1942  1820  2241  2055  2174  1980  1661  1741  2275  2291
WA5101  1940  2294  2218  2136  1985  1877  2059  2206  2659  2057  1726
WA5101  1950  2269  2446  2710  2401  2185  2462  2539  2596  2170  1637
WA5101  1960  2140  1765  2222  2640  1711  2065  1918  1821  1651  2519
WA5101  1970  1585  2234  2967  2040  1273  1609  2088  2659  2693  3259
WA5101  1980  3339  2863  2888  3295  3002  3376  1974  2256  2306  3532
WA5101  1990  3315  3631  3201  2327  2390  1504 -9999
WA5102  1872   360   233   216   278   553   568   677   326
WA5102  1880   620   463   431  1101   560   669   590   746   543   252
WA5102  1890   400   862  1316  1672  1068  1437   512   620   240   401
WA5102  1900   547   213   214   175   214   245   287   344   577   549
WA5102  1910   662   585   517   377   384   481   552   558   588   384
WA5102  1920   344   298   267   430   557   653   802  1510  1329   868
WA5102  1930  1151  1323  1602  1780  2262  2760  2311  2326  2702  2075
WA5102  1940  2524  2511  2780  2699  2266  2098  2548  2800  2088  2021
WA5102  1950  2355  2219  3003  3123  3396  3753  3246  3720  3891  4149
WA5102  1960  4827  2896  2676  4294  2048  4132  3223  2969  3043  4506
WA5102  1970  2792  3299  4358  2517   887  1361  1908  2751  2929  3656
WA5102  1980  3227  2523  3267  4146  2919  3510  2242  2178  1348  3328
WA5102  1990  4690  3786  3645  2140  1902  1033 -9999
WA5103  1886  1135   811  1486   653
WA5103  1890  1273   947  1267  1077   927   822   612   906   506   653
WA5103  1900  1221   757   627   528   495   791   485  1151  1648  1502
WA5103  1910  1629  1265   816   639  1096  1889  1803  1543  1243  1320
WA5103  1920  1193  1713  1357  2021  1698  2045  2010  2211  1592  2281
WA5103  1930  2441  2213  1790  2459  2273  2381  1820  2356  3805  3275
WA5103  1940  3400  2661  2115  2326  2029  2105  3119  3595  1394  1747
WA5103  1950  2224  2031  2576  2432  2265  2128  2279  2931  2625  2076
WA5103  1960  2908  2140  1855  2094  1650  2178  1139  2595  2818  3287
WA5103  1970  2617  3314  4083  2369  2453  3279  3363  3534  3067  3465
WA5103  1980  3672  3118  2810  2841   525   903  1036   993   392   561
WA5103  1990   702   787 -9999
WA5104  1901   592   508   473   481   442   338   338   232   339
WA5104  1910   395   444   380   395   373  1787  1233  2443  1287  1649
WA5104  1920  1159  1664  1424  1303   838  1354  1164  1160   798   778
WA5104  1930   696   570   486   422   338   360   339   432   690   560
WA5104  1940   476   506   420   335   335   419   523   588   484   709
WA5104  1950   612   957   541   481   274   328   283   357   441   314
WA5104  1960   439   376   438   332   416   399   376   395   353   450
WA5104  1970   313   492   592   317   269   261   755   421   421   567
WA5104  1980   480   378   500   536   867  1265  1166   846   930   685
WA5104  1990   856   677   465   444   381 -9999
WA5402  1983   992  1139  1060   901   830  1333  1914
WA5402  1990  1821  2445  2431  2685  2898  2450 -9999
WA6203  1867   421   297   273
WA6203  1870   324   151   147   115   124   235   178   321   213   946
WA6203  1880   389   304   300   365   297   413   748   482   589   190
WA6203  1890   253   317   253   465   253   381   423   317   275   444
WA6203  1900   616   207   206   114    62   103   113   135   134    94
WA6203  1910   123    92    83    81   185   289   289   395   353   207
WA6203  1920   249   126   144   123   165   227   269   352   473   592
WA6203  1930   491   389   344   402   421   440   336   416   438   474
WA6203  1940   630   509   467   448   457   637   688   811   733   821
WA6203  1950  1635  1772  2650  2122  1052  2096  2473  2348  2243  2012
WA6203  1960  2524  2045  2385  2808  1549  2061  2219  1750  1965  2542
WA6203  1970  1613  2057  3007  1819  1309  1984  2040  3200  2055  2715
WA6203  1980  3223  2443  2017  1889  1858  2144  1807   571  1057  2354
WA6203  1990  2410  2461  2846  1776  2403  1121 -9999
WA6204  1931   226   158   207   317   275   253   127   279   200
WA6204  1940   166   261   200   120   104   120    84   190   210   296
WA6204  1950   549   655   721   589   339   529   487   637   514   566
WA6204  1960   418   406   408   338   317   232   211   212   296   233
WA6204  1970   106   169   360   319   147   416   304   216   358   316
WA6204  1980   215   175   225   264   267   166   171   229   124   127
WA6204  1990 -9999
WB1202  1944   116   185   201   258   206   257
WB1202  1950   270   246   447   140   352   358   435   649   691   974
WB1202  1960  1235  1219  1255  1636   938  1743  1348  1095   816  1305
WB1202  1970   759  1796  1091   437   349   345   595   632   733   607
WB1202  1980   836   563   482   420   460   481   506   381   375   365
WB1202  1990   339   586   405   337   526   352 -9999
WB4206  1971   359   226   201   235   197   300   340   470   550
WB4206  1980   542   713   907   550  1161  1592  1250  1829  1810  2750
WB4206  1990  2270  2380  2485  2468  3046  2484 -9999
WB4303N 1940    16  2994  2011  2781  2783  2331  3300  3969  2446  3102
WB4303N 1950  3277  1946  2199  2174  2622  2579  2051  1987  2492  2574
WB4303N 1960  2844  2672  2305  3694  2878  2732  2921  2745  2702  3590
WB4303N 1970  2472  2578  3444  1412  1625  1521  1733  1988  1881  2153
WB4303N 1980  2454  2432  1924  1776  2178  2094  2368  2239  2229  2539
WB4303N 1990  2301  2919  2002  1889  1941  1565 -9999
WB4402  1975   185   142   125   230   254
WB4402  1980   381   487  1037  1057  1178  1521  1206   952  1989  2157
WB4402  1990  2073  2263  2297  2069  2950  3059 -9999
WB6201  1930   425   308   675   405   310  1416   565   807   826   910
WB6201  1940  1101  1169  1126  1525  1260  1574  1649  2017  1309  1675
WB6201  1950  2362  2164  2457  1990  1800  2514  2437  2356  1869  2051
WB6201  1960  2617  2469  3266  3596  2814  4271  4534  5020  3805  5441
WB6201  1970  3597  4013  4924  2872  1582  1496  2663  4050  4410  4739
WB6201  1980  4935  4188  3716  3728  3864  4285  3010  3329  2755  4021
WB6201  1990  4548  4718  3522  2820  3051  2219 -9999
WB6405  1864    63   593   382   678   848   594
WB6405  1870   763   548   930  1289   850  1212  1700  1205  1247  1090
WB6405  1880   797  1008  1033  1226  1797  2581  2199  2030  2621  1543
WB6405  1890  2516  1919  2327  3343  2760  2893  1537  2329  2885  3420
WB6405  1900  3314   949  2171  1856  1850  2164  2766  1928  1490  1901
WB6405  1910  2509  1636  1443  1095  1075  1830  1868  1584  1265  1046
WB6405  1920  1012   990  1417  1396  1444  1466  1287  2041  1774  1893
WB6405  1930  1873  1605  1490  1780  1555  1864  1035  1417  2506  1503
WB6405  1940  2427  1753  2369  2164  2092  1923  2218  2360  1709  1897
WB6405  1950  2119  1876  1932  1889  1597  1743  1808  2028  1539  1344
WB6405  1960  1658  1382  1534  1978  1261  1566  1145  1674  1528  2104
WB6405  1970  1503  1665  1993  1570  1444  1329  1218  1685  1470  1609
WB6405  1980  1625  1621  1454   920   787  1291  1445  1487  1133  1239
WB6405  1990  1683  2001  1438  1262  1499  1153 -9999
WB6407  1907  1134   560   286
WB6407  1910   575   134   249   300   298   308   273   286   134   142
WB6407  1920   161   196    52   144   253   412  1593  1545  1311   359
WB6407  1930   317   444   444   614   995   823   717   835   772   782
WB6407  1940   360   420   627  1166   888   974  2009  2634   665  1783
WB6407  1950  1630  2285  2185  2271  1809  1399  1609   825  1101  1277
WB6407  1960  1234  1187  1163  1248   866   926  1082   352   435  2066
WB6407  1970  1539  1433  1418  1182  1009   896  1510  1651  2385  2177
WB6407  1980  1349  2114  1757  1747  2354  1219  1543   952  2562  4353
WB6407  1990  5264  6062  4074  3674  4486  3388 -9999
WC1302.01964  1013  1203  5809  4781  6294  3952
WC1302.01970  2585  3595  3575  2807  2053  2586  2560  2395  2978  3960
WC1302.01980  4278  3799  3374  4196  3495  4358  3045  3237  2758  3001
WC1302.01990  2962  3783  3246  3519  4572  4198 -9999
WC1304(21976  2001  3514  3787  3620
WC1304(21980  2867    40  2209  3362   369  1511  1496  1417  1757  3089
WC1304(21990  3338  1605  2851  2150  2303  2304 -9999
WC1305  1957   589   468   267
WC1305  1960   550   356   396  1365  1647  2158  2064   940  1004   882
WC1305  1970   611   571   571  1294  1046  1121   825   654  1099  1375
WC1305  1980  1033   901   565   608   862   982  1037   753   696  1017
WC1305  1990   909  1138   991   760  1010  1093 -9999
WC1306  1975  1228  1642  1941  2158  2418
WC1306  1980  2063  2002  2303  3415  2978  2862  2133  1150  1484  2125
WC1306  1990  2159  3515  2904  2314  2423  1822 -9999
WC5208  1913    38   398   468   464   467   955   829
WC5208  1920   777   867   624  1015  1288  2235  1856  1844  1639  2147
WC5208  1930  1753  1175  1299  1625  1487  2164  1967  1691  2023  2233
WC5208  1940  2364  2104  1701  1895  2550  2713  2835  3413  2750  4184
WC5208  1950  4494  4152  4210  3003  2931  3676  3403  2546  2379  2580
WC5208  1960  3709  3204  3045  2905  2297  4240  2684  4731  3462  3934
WC5208  1970  3237  3996  4518  3196  3040  3103  3141  3225  2817  3764
WC5208  1980  4216  4190  3489  3493  3074  4488  3677  3176  2901  3629
WC5208  1990  5117  5811  4034  2928  4693  3725 -9999
WD1301  1969  3280
WD1301  1970  2335  2827  2362  1992  1737  1892  2225  2160  2132  1198
WD1301  1980  1449  1527   877   587  1023   484   513   405   303  1028
WD1301  1990   280   510   540   768   474   658 -9999
WD1302  1894   445   522   494   537   454   465
WD1302  1900   518   413   422   414   337   462   210   190   169   190
WD1302  1910   148   190   190   233   169   190   190   233   233   275
WD1302  1920   169   190   185   658   613   697   740  1376  2310 10103
WD1302  1930  4616  3158  1129  1082   777   839   641   714   778   642
WD1302  1940   669   430   310   484   497   410   647   557   499   578
WD1302  1950   634   462   614   609   549   464   634  1015   846   570
WD1302  1960  1182   906  1921  1288  1072  1054   950  1035   824  1559
WD1302  1970  1223  1729  2787  1183   718  1309  1203  2052  2255  2771
WD1302  1980  3163  2968  2068  2825  2213  2802  2802  2738  2374  3108
WD1302  1990  3747  5153  4885  2851  4530  2711 -9999
WD4101  1975   464   297   275   297   339
WD4101  1980   400   757   966   951  1651  1561  1547   982  1353  2279
WD4101  1990  2173  2974  4043  3764  4125  2723 -9999
WD4204  1970   238   322   255   202   334   252   314   379   380   906
WD4204  1980  1103  1243  1817  1545  1868  2242  1881  1749  1735  2282
WD4204  1990  2404  2776  2731  2227  4093  2956 -9999
WD4205  1937   324   334   336
WD4205  1940   462   397   481   500   374   373   564   719   544   318
WD4205  1950   713   802  1163   716   654   655   444   423   612   654
WD4205  1960   858   810   881   978  1543  2270  2178  3677  2605  4650
WD4205  1970  1924  4806  3835  2233   781  2398  2634  2317  3477  4789
WD4205  1980  4850  3963  3215  2895  2817  3122  3298  3336  5084  5425
WD4205  1990  5663  6177  4513  3321  3382  3715 -9999
WD4301  1972   181   136   192    73   115   233   317   507
WD4301  1980   442   378   502   416   708  1229  1253  1071  1522  2192
WD4301  1990  2240  3162  3662  3033  3251  2387 -9999
WD4401  1934   339   318   403   317   233   299
WD4401  1940   253   148   170   148   127   191   276   301   171   121
WD4401  1950   170   253   219   182   127   127   423   705  1349  1112
WD4401  1960  1417  2104  2554  1730  1497  1269  1291   908   910  1197
WD4401  1970  1036  1564  1226  1354  1340  1217  1505  1371  1622  1692
WD4401  1980  1798  1545  1354  1629  1523  1671  1502  1395  1565  2030
WD4401  1990  2221  2496  2094  2263  2558  2374 -9999
WD5301  1957   175   119   129
WD5301  1960   138   160   167   120   144   285   302   379   431   571
WD5301  1970   653  1456  1437  1280  1709  1445  2398  2504  2332  2627
WD5301  1980  1744  1810  1812  1646  2129  2240  1646  1632  2114  3266
WD5301  1990  4444  4139  4748  4136  4724  3750 -9999
WD5501  1966   257   238   161   318
WD5501  1970   272   279   403   381   463   532   859   975  1024  1184
WD5501  1980  1085  1395  1396  2475  2750  2024  1348  1049  1314  1744
WD5501  1990  1901  2233  2174  1806  2705  2447 -9999
WE1506  1971   253   169   172   359   119   261   353   528   739
WE1506  1980  1036   899   808  3557  1675  2242  1194  1407  1893  2023
WE1506  1990  2176  2130  1807  1658  2194  2089 -9999
WE1508  1968   172   129
WE1508  1970   172   201   204    96    86   105   185   253   275   317
WE1508  1980   402   444   635   639  1502  1263   996  1019  1335  1853
WE1508  1990  2006  2644  3768  4693  4779  4488 -9999
WE1509  1981   861   819   592   677   804   677   508   669   779
WE1509  1990   822   916  1188  1246  1713  1547 -9999
WE1510  1969   453
WE1510  1970   112   139   223   298   231   267   256   327   432   389
WE1510  1980   469   592   682  1126  1274  1008   510   886  1138   984
WE1510  1990  1558  1856  1923  3164  2679 -9999
WE1513  1973   135    99   149   178   266   471   614
WE1513  1980   673   589   780   827  1110  1139  1201  1032  1437  1547
WE1513  1990  1977  2281  2664  2707  3152  2962 -9999
WE2102  1971   259   139   126   211   233   249   188   147   740
WE2102  1980  1815  1035  1711  1458  2072  3379  4032  4666  5960  4542
WE2102  1990  4084  4342  5453  7353  7354  6079 -9999
WE2201  1969    64
WE2201  1970    82    70   127   192   148   154   198   342   329   417
WE2201  1980   640   708   750   603  1237  1080  1143   714  1228  1804
WE2201  1990  1746  1568  2502  2286  2336  1851 -9999
WE2202  1982   358   952  1528  1185  1067  1017  1105  2052
WE2202  1990  2745  3536  4425  3550  4100  2625 -9999
WE2203  1976   219   109   209   434
WE2203  1980   454   453   516   773   864   877   884  1337  1161  1397
WE2203  1990  1413  1948  1493  1187  1671  1754 -9999
WE2206  1974   472   375   530   777   652   585
WE2206  1980  1153  1393   752  1009  1071   915   930  1118  2013  2894
WE2206  1990  2260  3211  3408  2513  2596  2241 -9999
WE2207  1971   240   202   129   168   187   377   457   436   499
WE2207  1980   686   606   821   677   854  1189   735   926  1076  1626
WE2207  1990  1986  1776  2283  2452  3580  4467 -9999
WE2209(11972   364    73    90   107   127   197   112   149
WE2209(11980   267   266   265   296   317   472   946   698   654  1195
WE2209(11990  1478  1475  2053  2358  2225  1819 -9999
WE2304  1924  1624  2016  2053  2443  3053  2443
WE2304  1930  2242  2639  1798  2129  2524  1670  1282  1736  1840  1268
WE2304  1940  1097  1160  1345  1345  1241  1560  2358  2687  2234  2369
WE2304  1950  1771  2454  2643  1860  2210  1689  1507  1706  1306  1075
WE2304  1960  1565  1374  1396  1029  1162  1056   844  1332  1078  1098
WE2304  1970  1158  1543  1455  1095  1090  1488  1803  1889  1687  1857
WE2304  1980  2237  2174  1564  1361  1874  2280  1829  2067  1821  2176
WE2304  1990  2419  4067  3899  1078  1641  1632 -9999
WE2401  1980   424   359   550   403   636   593   677   599   709  1449
WE2401  1990  1436  1454  1750  1797  2667  2045 -9999
WE2402  1968   150    87
WE2402  1970   140    59   114   123   102   169   211   211   316   422
WE2402  1980   465   106   569   503  1008  1691  1416  1057  1587  2241
WE2402  1990  2261  2493  3086  2155  2551  2587 -9999
WE2403  1980   442   505   486   846  1081   759   770   808  1501  1976
WE2403  1990  1599  1565  1986  2502  2821  2039 -9999
WE2404  1967   170   127   111
WE2404  1970   120   145   166   122   120   119   158   165   146   272
WE2404  1980   290   342   314   327   551   737   566   721  1238  1445
WE2404  1990  1524  1778  1855  1518  2222  1851 -9999
WE2405  1987   255   424   955
WE2405  1990  1216  1401  1157  1169  2468  2338 -9999
WE2406  1979   232
WE2406  1980   566   373   392   428   486   472   665   589   721  1289
WE2406  1990  1816  1841  1480  2297  2715   252 -9999
WE2501  1974   339   220   170   256   379   515
WE2501  1980   589   610   541   649  1021   821   909   825  1372  1719
WE2501  1990  1613  2701  3018  2897  3718  2429 -9999
WE3201  1974   426   125   200   180   212   318
WE3201  1980   360   505   525   395   569   990   905  1114  1351  1587
WE3201  1990  1374  2113  2552  2746  3228  3323 -9999
WE3203  1982    47   180   132   717   631   629   716  1489
WE3203  1990  2273  2571  1973   928   931  1770 -9999
WE3301(11920   785   890  1313   710   708  1409  1325   925   377   293
WE3301(11930   231   148   106   169   252   315   357   400   253   210
WE3301(11940   441   656   804  1185  1226  1464  2050  2084  1507  1782
WE3301(11950  1880  1920  1566  1121  1329   970  1306  1240   727   396
WE3301(11960   645   647   869   636   472   535   534   903   696   570
WE3301(11970   587   968   867   725   545  1456  1639  2133  1848  2005
WE3301(11980  2092  1580  1012  1054  1046  1252  1293  1949  1847  2091
WE3301(11990  1368  1328  1239   761  1284  1427 -9999
WE3302  1974   106   255   147   212   275   254
WE3302  1980   550   444   903   968  1101  1805  1349  1412  2600  2776
WE3302  1990  3561  2509  2631  2385  3128  2788 -9999
WE3303  1956   239   120   147   243
WE3303  1960   202   169   127   254   169   191   232   290   315   675
WE3303  1970   592   590   609   634   940   833  1080   858  1239  1492
WE3303  1980  1411  1076  1205  1331  1351  1646  1469  1460  1496  1352
WE3303  1990  1594  2223  2366  2115  2595  2348 -9999
WE3304  1970   123   312   344   422   359   592   462   664   418   714
WE3304  1980   325   142   405   625   537   485   367   264   324   357
WE3304  1990   434   530   946   725   927   551 -9999
WE3305  1964   529   864   380  1079   422   903
WE3305  1970   387   782   669   963  1068   485   527   572   610   815
WE3305  1980   696   550   317   571   487   550   459   209   140   120
WE3305  1990   161   163   353   327   538   288 -9999
WE3401  1915   302   262   360   461   281
WE3401  1920  1099  1030  1094  1466  1290  1779  1147  1331  1956  2278
WE3401  1930  1623  1480   876  1149  1377  1167  1153   791  1189   925
WE3401  1940   817  1061  1345  1565  1227  1899  2948  3052  2568  2556
WE3401  1950  2877  2833  2842  2229  2637  2543  1368  3416  2731  1877
WE3401  1960  2547  1890  2108  2056  1928  2794  2476  3068  1434  2156
WE3401  1970  2432  4157  5119  3025  2263  3102  1325  2700  3060  4117
WE3401  1980  3850  4611  2558  5435  3595  4984  2549  1820  2243  3882
WE3401  1990  4389  3567  3618  1975  2036  1288 -9999
WE4201  1969   293
WE4201  1970   256   380   316   506   127   381   678   762  1088  1360
WE4201  1980  2073  1691  3081  4618  1841  3404  4161  2792  2722  3669
WE4201  1990  2959  3059  3105  3107  4724  3999 -9999
WF1301(11892  1861   884   648  1631  2241  3412  2612  2830
WF1301(11900  3907  2336  2020  1187  1391  3153  3532  2365  2052  1741
WF1301(11910  1134   986   981  1115  1238  1752  2693  1314   946  1446
WF1301(11920  1004  1874  1523  1420  1506  2081  1402  2109  1640  1371
WF1301(11930  1646  1855  1270  1653  1967  1797  1702  1861  2938  2377
WF1301(11940  3181  2945  2956  2309  2415  2351  3266  3861  2890  3265
WF1301(11950  3460  2681  2550  2819  2417  2387  2608  3055  3000  2841
WF1301(11960  4657  3341  3531  2558  2305  3294  2353  3057  2219  2815
WF1301(11970  2138  2768  2798  2659  2051  2328  2758  2775  1986  2519
WF1301(11980  2706  2412  2462  2565  2396  2412  2160  2360  1629  2586
WF1301(11990  3114  3155  2888  2528  1482  1747 -9999
WF2301  1953   679  1761   400   356  1406   575   652
WF2301  1960   755   718   610  1048  1302  1376  1572  2956  3070  2194
WF2301  1970  1689  2003  1608  1268  1343  1513  1677  1980  2155  3176
WF2301  1980  3557  3026  3190  3421  3712  4737  4161  4186  5891  7038
WF2301  1990  6280  6332  5357  4055  4485  3498 -9999
WF2302  1931   831   986   974   856  1094  1329  1378  1632  1213
WF2302  1940   947  1590  1580  3119  3593  4207  4821  4878  4027  4079
WF2302  1950  4718  2966  3211  3375  3224  1670  3008  2956  1804  1751
WF2302  1960  2456  2584  3773  4348  3384  4907  4271  5411  4963  4489
WF2302  1970  3214  3828  3956  3186  1230  2042  3143  3179  3860  4093
WF2302  1980  4779  3736  3006  3824  3332  4318  3882  3479  4733  5221
WF2302  1990  4878  4061  3649  2999  3737  2634 -9999
WJ4201  1914   277   127   179   220   351   310
WJ4201  1920   164   275   275   338   415   433   381   171   127   148
WJ4201  1930   169   169   169   275   254   296   338   359   423   254
WJ4201  1940   212   360   489   739  1088  3382  4546 15233  1746  1669
WJ4201  1950  2648  1877  2382  1360  1885  2107  1763  2015  1477  1259
WJ4201  1960  1466  1510  1407  1713  1164  1504  1706  1077  1324  1883
WJ4201  1970  2413  2031  2537  1513  1429  1766  1462  1860  1513  1404
WJ4201  1980  1237  1237  1259  1251  1167  1461  1178  1453  1631  1656
WJ4201  1990  1916  2090  1430  1302  1519   903 -9999
