WA1102  1955   103   161   205   292   423
WA1102  1960   402   952   952  1162  1133  1387  1401  1865  1333  1683
WA1102  1970  1223  1554  1573  1116  2481  3129  2049  2447  2246  2332
WA1102  1980  2082  2273  2804  3322  3064  1479  1974  4048  4206  2758
WA1102  1990  3088  2145  2517 -9999
WA1201  1940   898   821   810   578   424   410   398   437   557   390
WA1201  1950   453   576   744   778   638   500   432   482   420   666
WA1201  1960  1010   711   740   894  1141   643  1031  1420   828   913
WA1201  1970   865   506   401   475   540   730   679  1189  1182   852
WA1201  1980   624   844   731   945  1048   973   692   955  1069  1095
WA1201  1990  1095   707   787 -9999
WA1202  1938   601   334
WA1202  1940   399   360   296   402   262   304   239   165   299   414
WA1202  1950   436   343   326   369   312   305   318   264   339   421
WA1202  1960   582   450   428   581   604   510   726   882   624   761
WA1202  1970   548   409   390   487   704   725   725   783   707   552
WA1202  1980   416   536   358   499   622   627   653   698   660   765
WA1202  1990   478   395   706 -9999
WA1203  1960   125   640   707   516   297   329   424   747   513   723
WA1203  1970   610   882   475   355   381   413   497   783   654   423
WA1203  1980   388   739   676   938  1060   754   635   796   765   927
WA1203  1990   723   510   777 -9999
WA1204  1955   718   424   488   531   338
WA1204  1960   297   148   453   404   504   371   745   955   649   969
WA1204  1970   511   357   338   414   334   398   245   436   411   253
WA1204  1980   253   257   330   358   338   317   275   338   317   423
WA1204  1990   527   463   633 -9999
WA1205  1902   289   515   296   336   231   147   229   550
WA1205  1910   599   794   478   730   831   870   661   835   672   635
WA1205  1920   198   209   229   125   146   188   168   189   209   167
WA1205  1930   167   232   273   334   271   249   125   166   145   128
WA1205  1940   169   222   208   354   502   565   481   908   755   947
WA1205  1950   796   982  1104   835   628   439   397   502   587   795
WA1205  1960   859   754  1296  1317  1216   840  1048  1651  1329  1752
WA1205  1970  1492   965   732   952  1120  1545  1583  2104  2041  1515
WA1205  1980  1181  1494  1065  1204   944   859   712   731  1024   898
WA1205  1990  1065   605   749 -9999
WA1206  1954   275   148   127   148   127   169
WA1206  1960   275   339   254   190   423   296   395   451   508   423
WA1206  1970   296   190   212   212   254   360   487   423   444   332
WA1206  1980   239   302   155   239   233   190   155   233   330   190
WA1206  1990   239   190   225 -9999
WA1208  1926   611   843   841   755
WA1208  1930   378   589   401   380   507   591   317   423   360   317
WA1208  1940   402   508   317   487   760   821   567   630   483   544
WA1208  1950   439   418   482   399   315   274   338   317   317   507
WA1208  1960   740   698   635   994   740   444   570   824   652   673
WA1208  1970   504   358   316   459   590   653   886   952   656   440
WA1208  1980   231   336   210   316   380   486   386   396   423   529
WA1208  1990   571   254   275 -9999
WA1209  1937   454   309   334
WA1209  1940   271   154   191   253   249   313   501   151   242   128
WA1209  1950   155   174    78    74    78   130   252   378   503   696
WA1209  1960   756   568   952  1074   949   739   888   952   889  1015
WA1209  1970   846   595 -9999
WA1210  1913   193   101   227   266   457   620   900
WA1210  1920   501   540   645  1293   847   925  1059   914   838   658
WA1210  1930    93   126   121    68   111   105   126    84    79    79
WA1210  1940    94   105   147   168   147   210   168   251   230   313
WA1210  1950   580   520   419   546   546   273   210   231   189   379
WA1210  1960   567   527   822   886   843   443   674   632   506   570
WA1210  1970   464   317   211   361   337   508   444   655   719   719
WA1210  1980   465   655   410   541   571   805   421   513   503   517
WA1210  1990   586   354   423 -9999
WA1211  1930  1347   566   602   498  1110   461   419   238   241   261
WA1211  1940   208   418    82   221   328   439   397   496   481   888
WA1211  1950   338   507   483   524   566   332   330   390   427   527
WA1211  1960   541   258   376   374   393   271   345   339   244   245
WA1211  1970   227   105   142   170   227   228   194 -9999
WA1212  1910   339   339   508   360   442   623   465   271   495   296
WA1212  1920   233   148   106   106   127   233   273   486   233   254
WA1212  1930   169   127   190   254   212   381   275   292   274   316
WA1212  1940   422   672   400   483   544   665   663   643   665   479
WA1212  1950   333   416   604   585   356   502   314   294   525   568
WA1212  1960   633   380 -9999
WA1214  1942   379   420   438   242   314   381   349   472
WA1214  1950   243   532   713   177   176   249   250   230   359   253
WA1214  1960   379   339   676   888   889   571   634   780   757   851
WA1214  1970   524   604   273   460   553   726   892   933   643   396
WA1214  1980   334   481   416   642   930   764   818   754   638   791
WA1214  1990   954   591   722 -9999
WA1215  1928    31   434
WA1215  1930   571   590   585   656   504   565   453   552   426   686
WA1215  1940   571   542   568   641   794   804   761   444   338   274
WA1215  1950   317   463   547   441   428   539   443   316   401   506
WA1215  1960   379   482   440   498   855   811   889   761   665   879
WA1215  1970   773   399   527   731   685   909   994  1375  1268   867
WA1215  1980   634   613   465   549   655   717   568   675   745   749
WA1215  1990   993   698   803 -9999
WA1216  1940   337   751   665   725   818   649   633   601   618   470
WA1216  1950   508   692   468   595   621   501   273   634   613   719
WA1216  1960   762   360   402   719   634   656   695   652   760   804
WA1216  1970   623   392   274   356   397   418   508   624   548   347
WA1216  1980   247   252 -9999
WA1217  1937   515   263   294
WA1217  1940   254   613   407   404   328   319   211    77   176   170
WA1217  1950   169   148   240   148   100   253   347   404   584   865
WA1217  1960  1022   622   763   331   451   212   359   295   378   462
WA1217  1970   524   439   124   230   146   229   271   504   901   588
WA1217  1980   441   650   586   653   505   358   374 -9999
WA1218  1945   496   652   277   180   264
WA1218  1950   386   343   457   889   602   359   128    66    85    60
WA1218  1960   169   212    95   116   379   274   252   399   252   210
WA1218  1970   122   133   206   357   356   272   337   367   372   171
WA1218  1980    87   164   357   544   627   375   257   380   432 -9999
WA1219  1944   381   191   232   254   264   307
WA1219  1950   454   276   549   600   466   381   212    85   233   127
WA1219  1960   211   313    49  1072   834   455   423   444   338   380
WA1219  1970   211   294   208   208   229   290   330   433   410   330
WA1219  1980   272   358   358   397 -9999
WA1220  1952   381   331   474   504   558   432   300   269
WA1220  1960   329   346   763  1647  1339   761   804   847   547   370
WA1220  1970   273   391   217   686   898  1091  1044  1659  1173   807
WA1220  1980   372   557   413   556   761   639   557   665   654   917
WA1220  1990   737 -9999
WA1221  1939   228
WA1221  1940   130   211   148   190   296   212   190   127   253   223
WA1221  1950   296   317   265    95   189   253   347   423   424   379
WA1221  1960  1003   510   952  1022   809   595   660  1092  1072  1023
WA1221  1970   502   648   582  1018  1086  1098  1050  1507  1242   684
WA1221  1980   517   890   704   868  1094   993  1008  1129  1168  1189
WA1221  1990  1359  1138  1123 -9999
WA1224  1946   379   400   566   415
WA1224  1950   373   291   293   379   391   427   169   317   485   546
WA1224  1960   461   457   343   444   719  1096   654   507   633   464
WA1224  1970   423   338   232   254   416   197   275   254   169   211
WA1224  1980   275   254   169   190   121 -9999
WA1508  1967    11   150   166
WA1508  1970   150   148   249   336   357   432   465   442  1472  1225
WA1508  1980  1574  2353  2532  2856  2158  1501  2581  3831  3701  3486
WA1508  1990  4380  3240  3235 -9999
WA2104  1957   208   147   189
WA2104  1960   189   252   273   271   167   209   356   380   401  1021
WA2104  1970   681   726   929   790  1037  1023   801  1539  3257  2602
WA2104  1980  3375  3932  3172  3215  2364  1499  2168  2706  2301  2001
WA2104  1990  2134  1679  1898 -9999
WA5503  1966   294   107   146   232
WA5503  1970   279   192   243   141   276   499   730  1023  1022  1323
WA5503  1980  1042  1681  1796  2594  2093  2072  2169  3675  4577  3911
WA5503  1990  4565  2974  3513 -9999
WB4304  1951    42  1877  1932  1379  1577  1055  1475  2042  2042
WB4304  1960  2207  2236  2910  3915  3142  2984  3855  3865  2846  2535
WB4304  1970  2313  1771  1091  1179  1837  2275  2088  2362  2181  1578
WB4304  1980  1034  1184  1184  1183   908  1478   950  2238  2890  2168
WB4304  1990  2262  2923  4197 -9999
WB4305  1947     1   421   240
WB4305  1950   324   151   154   167   181   210   173   118    85   123
WB4305  1960   176    64   139   118   113   153    74    62    81    93
WB4305  1970   136  1000  1396   977  2335  2542  2294  2641  2381  2315
WB4305  1980  1722  1549  1455  2443  1949  2011  1202  1882  1885  1341
WB4305  1990  1592  1981  3495 -9999
WB4306  1954    98  2651  2195  1620  2071  2377
WB4306  1960  3121  3785  4294  4962  3622  4074  3991  5812  5169  4582
WB4306  1970  3454  4749  3933  3979  4299  5036  5190  4425  4837  3927
WB4306  1980  2936  3850  3520  4229  4197  3754  2460  3990  4461  3401
WB4306  1990  3297  3690  4491 -9999
WB4307  1959    59
WB4307  1960  1299  2103  2067  2233  1686   952   994  1475  1266  1432
WB4307  1970   806   897   911   964  1482  2243  1830  1705  1800  1912
WB4307  1980  1672  2329  1987  1933  1832  1625  1139  1453  1670  1484
WB4307  1990  1336  1183  2267 -9999
WD2101  1968    91    96
WD2101  1970    97   162   167   291   232   274   339   908  1340  1100
WD2101  1980  1055  1282  1835  2944  3020  3565  2714  2997  4416  3506
WD2101  1990 -9999
WD3101  1980  1575  1686  1429  1809  2053  1938  1376  1301  1579  1706
WD3101  1990  1577  1474  2424 -9999
WD3102  1970    84   884   700   725  1021  1766  2075  2154  2748  2924
WD3102  1980  2538  2096  1909  1800  1783  1773  1072  1397  2326  1932
WD3102  1990  2013  1691  1538 -9999
WD3110  1929   296
WD3110  1930   295   294   294   440   672   847   867   939   860   987
WD3110  1940  1280  1291  2338  2170  2250  2509  2314  3330  3966  2961
WD3110  1950  2751  1780  1859  1569  1353  1226   580   712   844   950
WD3110  1960  1424  1571  2155  2384  1856  1686  1992  2010  1651  1563
WD3110  1970  1621  1533   743   702   865  1096  1436  1903  1799  1904
WD3110  1980  1966  2512  2555  3365  3238  2662  1987  3893  4593  3598
WD3110  1990  3997  2281  2609 -9999
WD3112  1927   716   339   488
WD3112  1930   275   127    93    99    71    54   148   233   297   254
WD3112  1940   148   254   170   318   318   405   394   278   238   199
WD3112  1950   197   218   377   321   320   323   222   344   324   318
WD3112  1960   206   294   414   374   647   732   775   632   486   380
WD3112  1970   296   275   212   381   695   615   611   799   774  1197
WD3112  1980   313   438   646  1193   693   782   739  1268  1814  1498
WD3112  1990  1052   969   927 -9999
WD3113  1921   168   210   397   417   419   502   481   327   449
WD3113  1930   274   212   190   296   328   314   524   230   315   378
WD3113  1940   213   156    72   232   253   335   252   231   232   232
WD3113  1950   316   358   444   381   465   571   402   465   444   465
WD3113  1960   600   415   696   736   858   581   595   472   289   275
WD3113  1970   116   138   272   212   356   551   483   441   294   160
WD3113  1980   218   216   202   168   189 -9999
WD3115  1934  1191   517   386   311   179   148
WD3115  1940   169   271   188   229   272   377   356   359   823   783
WD3115  1950  1100   888  1037  1362   964  1257   864   970   964   979
WD3115  1960  1132   952   889  1141  1273   910  1499  1832  1238  1424
WD3115  1970  1115  1094   973  1394  1332  1692  1375  2454  2412  2156
WD3115  1980  2684  3108  2241  3107  2763  3090  2756  4648  4671  3611
WD3115  1990  4066 -9999
WD3116  1892   254   360   275   254   276   295   378   499
WD3116  1900   374   665   495   412   428  1009   743   679   735  1066
WD3116  1910   878   752   690   466   732   746  1012  1006   705   646
WD3116  1920   685   629   644   988  1378  1371  1480  1753  1484  1004
WD3116  1930   458   567   545   586   646   536   731   812   602   736
WD3116  1940   906   676   529   586   551   439   315   231   273   189
WD3116  1950   169    96   102    47    20    71   105   253   211   169
WD3116  1960   190   254   233   233   338   347   347   686   536   926
WD3116  1970  1182  1019   769   713   724   778   688  1142  1240  1185
WD3116  1980  1343  1389  1674  1923  1650  1660   992  1593  1781  1227
WD3116  1990  1558   884  1546 -9999
WD3117  1908   869   423
WD3117  1910   614   445   296   529   425   418   506   359   549   532
WD3117  1920   417   379   383   611   573   926  1232  1311  1353  1550
WD3117  1930  1496  1192  1303  1163  1183   971   803   888   931  1015
WD3117  1940   888  1643  3364  3004  2771  3035  2625  2993  3550  2829
WD3117  1950  2682  1889  1868  1495   932  1105   607   756   991   844
WD3117  1960  1034   928  1138  1283  1172  1597  1641  1496  1203  1599
WD3117  1970  1728  1337  1115  1459  1340  1943  1450  1951  1941  1791
WD3117  1980  2087  2729  1795  2457  2035  2115  2554  3952  3672  2204
WD3117  1990  2423  1057  1841 -9999
WD3119  1897   615   339   339
WD3119  1900   509   382   297   148   169   169   232   613   819   370
WD3119  1910   325   265   212   343   515   456   685   998  1401  1314
WD3119  1920   968  1117   571   613   571   655   528   381   338   402
WD3119  1930   402   359   529   507   444   465   233   380   317   337
WD3119  1940   274   253   275   422   528   703   781   792   923   780
WD3119  1950   865   883  1160   916   437   395   250   209   314   336
WD3119  1960   570   405   450   435   624   608   797   735   907   824
WD3119  1970   656   550   574  1028   850   835   899  1089  1227   867
WD3119  1980   740  1037   762   761   845   887   570   777   762   677
WD3119  1990   740   634   634 -9999
WD3123  1949   403
WD3123  1950   571   396   568   588   333   542   455   888  1037  1100
WD3123  1960  1287  1203  1320  1754  1627  1414   950  1269   931  1650
WD3123  1970  1629  1185  1269  1163  1374  1584  1326  1724  1638  1307
WD3123  1980  1349  1645  1435  2110  2321  2238  2213  3602  5011  4564
WD3123  1990  5397  4464  4950 -9999
WD3130  1950   339   382   233   170   254   191   127   254   318   296
WD3130  1960   275   148   338   358   344   377   525   421   295   357
WD3130  1970   336   252   210   231   252   296   264   477   397   440
WD3130  1980   526   569   422   819   751   769   728   955  1241  1249
WD3130  1990 -9999
WD3143  1944   339   190   169   339   378   254
WD3143  1950   191   254   276   295   338   318   233   292   342   392
WD3143  1960   394   291   602   705   539   394   517   722   433   910
WD3143  1970   620   537   731   481   841  1052   887  1330  1139  1392
WD3143  1980  1561  1646  1414  1661  1614  1442  1127  1581  1929  1736
WD3143  1990  1704  1172  1324 -9999
WD3147  1957   506   482   394
WD3147  1960   464   274   317   190   254   296   359   337   359   794
WD3147  1970  1172   823   773   521  1184  1118   866   992   724   953
WD3147  1980  1031  1098   910  1018  1327  1217   965  1091   929   681
WD3147  1990   815   358 -9999
WD3148  1941   360   550   444   420   542   312   208   229   188
WD3148  1950   419   442   419   295   444   550   212   423   317   381
WD3148  1960   296   169   379   379   524   839   572   546   613   698
WD3148  1970   571   275   338   443   379   441   357   589   633   592
WD3148  1980   592   698   592   994  1015   825   613   973  1121  1100
WD3148  1990  1311   782   926 -9999
WD3149  1922   444   275   252   400   315   398   398   146
WD3149  1930   189   105   127   169   151   314   398   579   373   291
WD3149  1940   332   331   369   486   790   582   856   677  1058   719
WD3149  1950  1153   950  1182   870   608   524   227   183   346   428
WD3149  1960   654   537   705   688   646   562   705   706   539   570
WD3149  1970   423   465   337   441   439   420   442   563   291   395
WD3149  1980   228   392   330   412   475   454   432   494   309   267
WD3149  1990   267   223   540 -9999
WD3153  1909   379
WD3153  1910   167   127   314   210   316   254   254   423   233   612
WD3153  1920   232   275   274   385   522   192   148   444   550   359
WD3153  1930   380   465   296   359   253   422   316   398   701   339
WD3153  1940   399   570   613   890  1197   965  1453  1091   994   674
WD3153  1950  1047  1007  1529  1304   983  1009   799  1078   909   947
WD3153  1960   927   547   815   935   797   654   548   679   388   592
WD3153  1970   652   488   651   627   890   707   767   971   875   713
WD3153  1980   552   535   574   452   474   390   276   438   340   307
WD3153  1990   187   151   162 -9999
WD3201  1929   582
WD3201  1930   478   381   317   275   254   318   429   522   728  1181
WD3201  1940   954  1149  1059  2422  2196  2879  1938  2581  2846  2492
WD3201  1950  2602  2833  2949  2358  2359  2374  2324  2729  2835  2814
WD3201  1960  2831  2153  2495  3086  2607  2354  2304  3222  3023  3729
WD3201  1970  2420  1921  1917  1994  2170  2485  2090  2865  2712  2371
WD3201  1980  2578  2644  2469  2992  2683  3306  2474  3065  2748  2347
WD3201  1990  2783  1687  2890 -9999
WD3202  1922   803   856  1234   887  1396   888   783  1099
WD3202  1930   549   335   355   354   210   402   212   381   423   338
WD3202  1940   254   423   380   422   697   822   704   716   907  1034
WD3202  1950  1290   955  1690  1366  1244  1065   588   864  1147  1187
WD3202  1960  1556  1096  1348  1681  1599   744   892  1157  1191  1614
WD3202  1970  1684  1271  1334  1188  1855  2516  2449  3475  2809  2611
WD3202  1980  2439  3018  2388  3466  3401  3247  2488  3687  4013  2508
WD3202  1990  3468  1895  2605 -9999
WD3203  1935   466   318   445   360   297
WD3203  1940   169   276   276   509   545  1596  1017   920  1141   776
WD3203  1950  1153  1514  1986  1267  1285  1223   737  1702  1454  1535
WD3203  1960  1977  1901  1764  1808  1703  2187  1859  1823  1793  2327
WD3203  1970  2566  2901  1857  1796  1802  1514  2749  2175  1270  1206
WD3203  1980  1897  1842  2193  2248  3386  2925  2956  3958 -9999
WD3204  1943   296   331   303   954   886   220   263
WD3204  1950   312   267   359   423   379   441   376   369   817   408
WD3204  1960   453   288   332   643   397   712   586   693   375   911
WD3204  1970   976   772   775   687   843  1080   833  1257   836   826
WD3204  1980  1218  1069  1042  2084  1824  1629  1569  2558  2196  1839
WD3204  1990  2172  1552  2153 -9999
WE2204  1969   144
WE2204  1970   119    97   211   169   271   426   449   624   675   454
WE2204  1980   841   821  1159  1014  2209  2250  1518  1918  2239  3237
WE2204  1990  5502  7544  9324 -9999
WE2208  1964   258   156   132    74   116    80
WE2208  1970    95   106   121   202   119   284   230   291   217   190
WE2208  1980   127   229   734   569   827   774   720  1322  2120  3843
WE2208  1990  5450  3457  3090 -9999
WE2305  1969   184
WE2305  1970   162   108   182   208   411   316   397   338   484   524
WE2305  1980   382   469   543   803   908   641  1423  1945  2049  3102
WE2305  1990  4071  2299  2590 -9999
WB1401  1966   424   679   509   594
WB1401  1970   594   573   976  1572  2055  2367  2759  3960  3447  2560
WB1401  1980 -9999
WB2302  1965   165    91    89    86   120
WB2302  1970   141    85   171   172   211   421   486   656   909   677
WB2302  1980   962  1588  1666  1497  1309   867  1543  1945  2410  2732
WB2302  1990  3808  2490  2644 -9999
WB2401  1977   447  1122   868
WB2401  1980   854  2348  1967  2295  2019   630  1205  2074  2741  4272
WB2401  1990  4505  3999  4387 -9999
WB2402  1966   172   177   166   149
WB2402  1970   264   116   242   265   351   533   637   702   975   867
WB2402  1980  1035  1285  1649  1417  1642  1390  2137  3024  3549  3299
WB2402  1990  3892  2785  3565 -9999
WB2502  1964   198   119    74   118   112   170
WB2502  1970   140   133   182   195   202   320   278   486   720   873
WB2502  1980   439   684  1131  1375  1358  1196  1594  2035  2252  2343
WB2502  1990  1993  1788  2142 -9999
WB2500  1967   616   117   177
WB2500  1970   152   149   202   273   262   472   394   580   618   833
WB2500  1980   595  1088  1021  1206  1238   880  1160  1526  1707  2179
WB2500  1990  2285  2538  2896 -9999
WB2501  1970   307   368   410   523   433   708  1027  1169  1262  1047
WB2501  1980  1178  1971  1384   851  1364  2045  2584  3040  3794  4594
WB2501  1990  6183  2459 -9999
WC2302  1966   250   105   113   210
WC2302  1970   290   174   233   227   351   415   543   525   538  1035
WC2302  1980   991  1478  1502  2337  1695  2049  3470  4018  4638  4765
WC2302  1990  5235  4263  4787 -9999
WC2304  1977   852   837   681
WC2304  1980   688   967  2543  1935  1289  1099  1016  2106  2956  3902
WC2304  1990  3560  2698  3837 -9999
WC2401  1972    16    80    87   135   257   596   798   665
WC2401  1980  1336  1270  1414  2651  1999  1550  3878  5009  6174  5847
WC2401  1990  5094  4585  6154 -9999
WC3203  1971   869   877   925  1006   895  1206  1159  1744  1512
WC3203  1980  1644  3148  3526  4599  4481  4819  5239  5898  7028 -9999
WI1304  1969   108
WI1304  1970   407   333   116   256   261   424   498   398   489   467
WI1304  1980   764  1179   813   946   630   473   694  1062  1461  1768
WI1304  1990  2401  1735  2073 -9999
WI3301  1974   422   636   572   651   539   521
WI3301  1980   652  1057  1653  1101  1069  1047  1562  1590  2417  1592
WI3301  1990  1354  1607  2091 -9999
WI3303  1900   591   465   316   357   433   341   126   146   380   892
WI3303  1910   742   944   803   518   473   542   841   745   457   465
WI3303  1920   379   221   242   289   303   253   205   346   200   250
WI3303  1930   355   491   658   577   441   496   598   696   827   755
WI3303  1940  1031  1032  1329  1711  1736  1465   991   876   763   708
WI3303  1950   666   617   595   567   383   406   322   314   404   566
WI3303  1960   611   578   596   914  1154   998   948  1283  1171  1433
WI3303  1970  1485  1946  1604  1265  1421  1276  1297  1254   900   932
WI3303  1980   753   594   717   885  1043   824   809  1034  1164  1281
WI3303  1990  1143  1133  1014 -9999
WI3304  1920   657   389   681   731   745   972   883  1273   879   889
WI3304  1930  1316  1175   663   704   808   945   985  1260  1286   886
WI3304  1940   734  2313  2485  3153  2882  3250  2332  2285  3127  2412
WI3304  1950  2517  1894  2027  1861  1047   874   596   820  1291  1396
WI3304  1960  1289  1586  1667  1913  2359  1807  1466  1740  1058   855
WI3304  1970   888   669   572   638  1000  1484  1142  1310   964  1147
WI3304  1980   858  1017  1019  1451   939   873   726   985   981  1142
WI3304  1990  1227   880  1431 -9999
WI3305  1940    56  1134  1413  2425  1886  1586   994   753   750   539
WI3305  1950   867   648   847   788   464   742   436   495  1122  1014
WI3305  1960  1095  1158  1172  1538   970   600   501   915   542   816
WI3305  1970   906   796   652   796  1164  1098   895   730   665  1021
WI3305  1980   946   884   852  1154  1089   592   677  1035   867  1077
WI3305  1990  1297  1130  1451 -9999
WI3309  1830   168   145   165   235   231   277   233   296   211   336
WI3309  1840   356   312   394   270   187   228   354   313   558   392
WI3309  1850   391   600   810   590   465   478   305   634   359   570
WI3309  1860   380   440   289   385   376   402   318   229   279   159
WI3309  1870   331   366   224   485   647  1044   969   960   629   431
WI3309  1880   504   323   397   475   412   349   426   236   165   145
WI3309  1890   368   458   621   419   338   390   408   235   267   551
WI3309  1900   501   976   959   705   713   664   613   501   363   277
WI3309  1910   253   290   273   248   229   224   183   227   415   410
WI3309  1920   399   236   319   199   261   377   333   386   364   323
WI3309  1930   444   563   588   888   719   907   660   644   767   710
WI3309  1940   693   671   598   804  1145  1636  1340  1988  2419  2166
WI3309  1950  2268  1922  1907  1873  1661  2706  2375  1974  2192  2325
WI3309  1960  2230  2132  1824  1959  1982  1413   831  1321  1073  1099
WI3309  1970  1183   724  1072  1631  2138  2231  1622  1893  1666  1344
WI3309  1980   987   929   952  1119  1670  1484   930  1814  1923  1566
WI3309  1990  2558  1725  2102 -9999
WI3401  1845   223   180   233   339   382
WI3401  1850   190   138   200   127   254   425   307   432   261   604
WI3401  1860   392   407   377   713   587   526   483   223   280   156
WI3401  1870   247   271   147   262   335   496   454   222   232   148
WI3401  1880   176   152   283   390   210   201   368   179   338   452
WI3401  1890   486   497   413   487   455   486   518   434   401   444
WI3401  1900   539   602   952   845   845   757   644   628   522   529
WI3401  1910   511   475   591   334   414   364   283   455   640   753
WI3401  1920   891   745   824   773   639   550   439   689   368   371
WI3401  1930   526   400   599   718   678   793   678   507   763   877
WI3401  1940   848  1212  1244  1587  1872  2485  1997  2410  2961  2261
WI3401  1950  2747  2698  2443  2247  1647  1609  1552  1417  1918  2528
WI3401  1960  2189  1997  1512  1523  1617  1199  1059  1744  1831  1795
WI3401  1970  2205  1488   831   723   946  1472  1015  1357  1320  1195
WI3401  1980   966   823   864   937   549  1004   809  1188  1157  1006
WI3401  1990  1030   617   776 -9999
