WB1203  1937   240   460   459
WB1203  1940   782  1354  1269  1100  1247  1310  1227  1629  2012  1051
WB1203  1950  1955  1939  1608  1417  1566  1438  1332  1079  1586  1280
WB1203  1960  1724  1798  1522  2238  1957  1604  2431  4972  3152  4125
WB1203  1970  4485  2814  2091  2987  3004  3745  5010  4641  4787  3709
WB1203  1980  3596  4816  3596  4019  3551  2888  3176  5305  1713  2141
WB1203  1990  2321  2561  4010 -9999
WB3201  1963   153   374   270   259   376   225   442
WB3201  1970   526   430   334   198   321   545   493   751  1103   938
WB3201  1980  1027  1025  1643  1731  1700  1053  1934  2792  2931  4050
WB3201  1990  4138  4229  3924 -9999
WB4404  1938    15  1054
WB4404  1940   943  1990  1446  1287  1860  1712  1071  1269  2581  1745
WB4404  1950  2195  1745  1676   630   381   263   161   303   305   386
WB4404  1960   572   675   733   511   425   833  1039  1229  1045  1844
WB4404  1970  1288   770   798  1391  1837  2394  3868  3692  3549  4394
WB4404  1980  3360  3584  4253  6155  4136  3574  4831  6896  6175  5730
WB4404  1990  5305  5135  5661 -9999
WB6401  1906  1569   954   679   893
WB6401  1910   737   892   984   751   709   593   614   553   451   550
WB6401  1920   785   932   996   742   894  1051   816   954   942   995
WB6401  1930  1047  1127  1189  1099  1104  1236  1280  1304  1491  1216
WB6401  1940  1660  1577  2262  2338  2230  2282  1896  2334  2475  2188
WB6401  1950  2672  2488  2059  1641  1759  1745   923  1021  1288  1459
WB6401  1960  1810  2296  1358  1518  2343  2494  2156  1437  1871  2172
WB6401  1970  3049  2430  1892  1611  1692  3291  3833  4321  4060  3162
WB6401  1980  3267  3966  3002  4152  3145  2687  2608  3985  4082  3444
WB6401  1990  4130  3303  4006 -9999
WC1301  1918  1694  1054
WC1301  1920  1555  2098  1711  2195  2336  2491  2129  2341  2608  2503
WC1301  1930  1845  2003  2430  3077  2999  2260  2149  1756  2496  2241
WC1301  1940  3296  3443  3935  4695  5211  6677  5299  6727  5904  4683
WC1301  1950  6339  4274  4169  3825  3768  4619  3930  2665  4779  3283
WC1301  1960  4582  2600  2642  2430  2258  3607  2615  2773  1897  2789
WC1301  1970  2750  2073  1523  2306  2389  2165  1723  3416  4111  3538
WC1301  1980  2267  2755  2996  3525  2896  2434   844  1175  1926  2131
WC1301  1990  1032   565   710 -9999
WC2105  1965   149   118   121    83   136
WC2105  1970   171   217   235   245   318   715   585   752   647  1075
WC2105  1980   708  1218  1313  1336  1221  1536  2248  2209  2495  2787
WC2105  1990  2104  3134  3230 -9999
WC2202  1974   307   508   893  1170   958   968
WC2202  1980  1437  1388  1355  1534  1446   812  1683  1563  2156  2232
WC2202  1990  1966  1304  1332 -9999
WC2205  1970   254   466   380   440   842  1262  1206  1925  1532  1399
WC2205  1980  1406  1015  1248  1184   929   866  1576  2494  2971  4595
WC2205  1990  5129  4442  5555 -9999
WC2402  1979   358
WC2402  1980   337   294   476   535   408   456  1105  3040  4850  3657
WC2402  1990  3347  3351  4185 -9999
WC3106  1966   155   162   210   338
WC3106  1970   381   436   483   421   556   542   643   864   799   933
WC3106  1980  1452  1496  2089  1921  1815  1649  2157  2729  2939  2958
WC3106  1990  2891  2774  3445 -9999
WC3204  1970   168   189   159   231   294   402   401   510   570   274
WC3204  1980   412   647   761   635   569   464  1205  1905  2523  2568
WC3204  1990  2655  2369  3275 -9999
WC3301  1969   312
WC3301  1970   192   181   190   219   242   411   879  1357  1459   894
WC3301  1980  1283  1570  1665  1896  1607  1306  2811  2961  3420  3313
WC3301  1990  3362  2419  3780 -9999
WC3501  1967   492   761  1010
WC3501  1970   309   317   493   594   841   733  1079  1383  1267  5337
WC3501  1980  4150  4315  3620  2786  2151  1688  2316  3529  2959  3232
WC3501  1990  3353  2972  4609 -9999
WC3503  1974   300   377   335   746   567   677
WC3503  1980  1690  2209  2403  2718  2362  2044  2707  3481  3695  3836
WC3503  1990  4560  4095  4452 -9999
WC4201  1958   298    69
WC4201  1960    65   114    95    90    77   143   169   253   299   381
WC4201  1970   272   273   394   208   647   519   286   611   696   861
WC4201  1980  1112  1144  1783  2215  1862  1867  3012  5466  4901  5394
WC4201  1990  6281  4808  6667 -9999
WC4302  1923   623   952  1206  1120  1237  1424  1236
WC4302  1930  1259   842  1270  1460  1564  1735  1585  1605  1760  1942
WC4302  1940  2414  2536  1797  2166  2574  3066  1566  2603  2815  2666
WC4302  1950  2539  1924  1481   614  1545  1142   867   994  1565  1375
WC4302  1960  1777  1185   974  1056  1838  1729   590  1847  2454  2469
WC4302  1970  3121  2024  1392  1541  2233  3382  2327  2307  3765  2813
WC4302  1980  2072  1764  1890  2009  2142  2283  1944  3318  3615  4313
WC4302  1990  3638  2434  2733 -9999
WC4303  1940  2293  1740  1342  1447  1601  1961  1011  1696  1793  2728
WC4303  1950  2466  1178  1222  1899  1457   866   486   423   845   740
WC4303  1960  1353  1353  1036  1012  2029  1901  1365  1800  1553  1817
WC4303  1970  2183  1413   492   788   812  1147   796  1442  1829  1960
WC4303  1980  1716  2174  1550  2037  1758  1471  1005  1744  1934  2423
WC4303  1990  3218  1256  2682 -9999
WC4305  1902   233   254   127   191   276   262   500   358
WC4305  1910   434   185   307   783   568   606   736   541   829  1092
WC4305  1920  1282  1181   552   939  1209  1142   666   561   473   366
WC4305  1930   352   408   762   788   884   747   473   544   568   690
WC4305  1940   813  1096   819   804   866   928   290   540   611   994
WC4305  1950  1425  1597  1408  1492  1032  1074  1156  1199  2148  1476
WC4305  1960  2110  2077  1492  1911  2182  1772  1076  1919  1918  2167
WC4305  1970  2416  1840  1829  2849  2896  3762  3254  3677  1597  2789
WC4305  1980  2815  3864  2426  3210  2780  2423  2813  4111  3234  3698
WC4305  1990  3513  1767  2482 -9999
WC4306  1928    43  1628
WC4306  1930  1089   988  1818  1724  1508  1293   416   542   719  1348
WC4306  1940  1203  1455  1140  1451  1642  1954  1528  1794  1710  1352
WC4306  1950  1878  1706  1333  1204  1794  1357   866   609  1628  1464
WC4306  1960  1844  1920   590  1127  1529  1770  1590  2329  1605  1318
WC4306  1970  1425   836  1305  1617  1926  1962  2618  3282  1540  2103
WC4306  1980  2610  3103  2097  2642  2034  2369  2197  2796  3192  3166
WC4306  1990  2873  1986  2518 -9999
WC5201  1945    28    88    86    88    83
WC5201  1950   168    69    96   107    90    74   112   167   331   642
WC5201  1960   809  1975   863  1336  1860  2764  2628  4191  2397  3406
WC5201  1970  3680  2707  2035  2200  2252  1806  1947  2551  2530  2461
WC5201  1980  1713  1937  1919  1784  1436  1177  1277  1508  1423  1212
WC5201  1990   847   510   925 -9999
WC5202  1911    33   200   211   211   464   297   297   275   656
WC5202  1920   900  1526  1042  1232   902  1649  1276  1893  1523  1584
WC5202  1930  1754  1944  1513  1479  1111  1233  1417  1607  1527  1662
WC5202  1940  2840  2442  1444  1376  1403  1797  1021  1450  1995  2332
WC5202  1950  2540  1786  1644  2089  1551   948  1026   883   921  1323
WC5202  1960  1307  1556  1458  1761  1620  2012  1882  1923  1820  1789
WC5202  1970  3207  1963  1258  1466  1626  2104  2467  2804  1374  2070
WC5202  1980  2388  2523  2130  2467  2389  1260  2304  3275  3934  4361
WC5202  1990  3243  2652  3659 -9999
WC5205  1929   462
WC5205  1930   274   190   464   825   760   433   928   944   758   695
WC5205  1940   919  1205  1032   771   741  1823   722   957  1031   991
WC5205  1950   945   789   774   655   245   307   514   762   784  1028
WC5205  1960  1130  1047  1253  1288  1214  1086   720  1179   974  1225
WC5205  1970  1742   924   819   947   842  1244  1476  1602  1544  1309
WC5205  1980   939  1190  1210  1335  2317  1859  1630  1235   819  1175
WC5205  1990   777  1090  1454 -9999
WC5301  1965   285   370   562   413   583
WC5301  1970   718   667   837   466   675   571  1174  1492  2062  1607
WC5301  1980   897  1196  1173  1114  1302  1136  1682  1977  2291  2751
WC5301  1990  2652  1745  2927 -9999
WC5401  1969   189
WC5401  1970   120   103   125   180   443   307   233   201   528   399
WC5401  1980   687   822   745  1004   792   707   982  1429  1345  1904
WC5401  1990  2231  1622  2038 -9999
WC5402  1981   445   403   697   443   375   518   982  1678  2327
WC5402  1990  2895  2831  3542 -9999
WC5403  1984   754   698  1011  1993  2279  2784
WC5403  1990  2549  1478  1788 -9999
WD4402  1912   950   740  1419  3069  2767  2390  2429  2767
WD4402  1920   972  1440  1490  1726  2431  2113  2150  3060  2348  2511
WD4402  1930  2485  2021  3032  3294  2383  3182  3488  2304  2936  1819
WD4402  1940  3032  3011  2533  2747  3180  3718  2293  2966  3454  2173
WD4402  1950  3046  2423  2877  2516  1480   859   863   701   992  1566
WD4402  1960  1598  1269  1274  1820  1802  1944  1605  1641  1703  2158
WD4402  1970  2022  1704  1265  1328  1434  2172  2462  2470  2749  1418
WD4402  1980  1660  2274  1966  2321  2248  2235  2224  3565  3239  3249
WD4402  1990  3101  2330  1870 -9999
WE1202  1968   193   198
WE1202  1970   243   116   148   231   346   392   337   686   832   877
WE1202  1980   817   839  1445  1828  1141  1489  1773  3773  2369  2166
WE1202  1990  1522  1636  2496 -9999
WE1402  1969   129
WE1402  1970   210   130   133    99   154   245   338   358   444   360
WE1402  1980   360   741  1096   589   622   587   483  2144  1803  2513
WE1402  1990  2831  1695  2662 -9999
WE1403  1982   474  1434   907   739   955  2098  1699  1494
WE1403  1990  1707  1166  2282 -9999
WE1405  1970   190   259   162   211   246   410   529   612   729   645
WE1405  1980   582   698   952  1076   820   819  1221  1075  1748  1833
WE1405  1990  2077  1289  1901 -9999
WE1501  1972   212   233   232   439   459   839   697   765
WE1501  1980   637  1492  1719  1445  1289  1311  2365  3194  3509  3387
WE1501  1990  3325  2708  3093 -9999
WE1502  1978  1224  1139
WE1502  1980   472  1374   778   719   676   632  1391  1673  1593  1953
WE1502  1990  2610  2122  2412 -9999
WE2101  1966   190   117   105    86
WE2101  1970    95   137   297   626   779   394   553  1065  1366  1428
WE2101  1980  1303  1418  1777  2552  3699  2978  3342  2729  2881  4138
WE2101  1990  3553  2225  3220 -9999
WE4202  1973   305   393   537   519  1046   789   778
WE4202  1980   872  1022  1465  1498  1317  1050  1621  2492  2327  2594
WE4202  1990  2708  2803  4197 -9999
WE4203  1964   233   231   232   401   253   366
WE4203  1970   373   296   521   515   634   634   951  1121  1269  1248
WE4203  1980  1385  1742  1969  2809  2241  1875  2650  3212  3690  4405
WE4203  1990  3819  2517  3075 -9999
WF1101  1968   172   169
WF1101  1970   111   127   160   169   230   227   324   560   715   555
WF1101  1980   759   972   974  1647   995   307   243  1140  1284  1622
WF1101  1990  1843  1131  2398 -9999
WF6401  1958   263   137
WF6401  1960   201   139   196   153   214   173   188   191   254   424
WF6401  1970   445   254   210   421   481   397   543   813  2436  1812
WF6401  1980  1671  1713  1819  1903  1564  1459  1629  1839  1777  1859
WF6401  1990  1735  1713  1818 -9999
WF6403  1980   664  1031  1219  1192  1170   956   868  1712  1357  1326
WF6403  1990  1139  1496  1217 -9999
WF6405  1967   280   228   141
WF6405  1970   212    99   106   162   205   155   106   198   473  1159
WF6405  1980   668   607  1028  2397  2299  1979  1458  1415  1210  1692
WF6405  1990  1294   737   448 -9999
WG6302  1914   975   546   570   359   151   158
WG6302  1920   264   256   445   526   620  1292  1670  1919  2023  2249
WG6302  1930  1884  1393  1513  1634   959   548   639   717  1668  1432
WG6302  1940  1156  1411  1131  1433  1644  1362  1147  1490  1956  1204
WG6302  1950  1585  1574  1488  1035  1026   853   756   697  1012   657
WG6302  1960   991   631   691   613   491   425   367   386   387   505
WG6302  1970   664   361   257   466   697   703   877   901   825   725
WG6302  1980   444   553   924  1219  1363  1017   899   989  1076  1308
WG6302  1990   887   634  1057 -9999
WG6303  1929   336
WG6303  1930   518   757  1181   711  1251  1037  1399   860   941  1403
WG6303  1940  1650  1478  1178  1413  2009  2117  1562  1712  1799  1225
WG6303  1950  1411  1248  1158   902   336   252   420   309   380   162
WG6303  1960   150    76    68    58    58    58    68   110   129   120
WG6303  1970   126   134   151   252   232   192   292   274   232   279
WG6303  1980   158   325   254   338   485   423   486   677   908  1392
WG6303  1990  1033  1323  1086 -9999
WG6304  1936   394   613  1109  1287
WG6304  1940  1290  1356  1051   748  1192   946   606   892  1238   814
WG6304  1950   680   925   672   385   511   491   308   145   249   371
WG6304  1960   653   271   373   456   466   596   498   811   813   835
WG6304  1970   835   526   442   421   464   442   546   504   378   315
WG6304  1980   462   422   528   656   804   550   613   760  1226  1733
WG6304  1990  1259   899   924 -9999
WG6305  1948  1081   487
WG6305  1950  1097   966  1483   853   501   607   588   696   676   401
WG6305  1960   232   210   419   271   207   166   310   431   427   402
WG6305  1970   491   381   317   444   635   423   592   762   571   740
WG6305  1980   487   656   571   529   656   444   380   529   613  1004
WG6305  1990   831   462   756 -9999
WG6306  1976  1378  2426  1796  2366
WG6306  1980  1305  1185  1015   465   613   358   400   696   996   948
WG6306  1990  1239  1083  1151 -9999
WH2504  1978   541   668
WH2504  1980   371   307   586  1346  2106  1724  1616  2176  2002  1938
WH2504  1990  1271   920   693 -9999
WH2508  1978  1464  1708
WH2508  1980   981  2070  1873  1608  2141  1762  1408  1916  1728  1465
WH2508  1990  2041  1077  1474 -9999
WH2509  1851   242   108   152   112   305   300   201   218   243
WH2509  1860   141   152   280   151   186   425   413   167   115   198
WH2509  1870   258   503   417   441   345   482   280   240   242   203
WH2509  1880   197   149   227   223   206   272   825   642   685   906
WH2509  1890   917   898   963  1122   534  1000   620   433   449   338
WH2509  1900   233   416   356   482   815   937   894   963   989   867
WH2509  1910   867   508   613   825   930   535   683   922   526   653
WH2509  1920   650   400   442   670   736   795   776   861   653   654
WH2509  1930   611   653   633   652   570   727   714   804   994   910
WH2509  1940   930   845   888   825   846   972   762   970  1279  1118
WH2509  1950  1500   887   822   732   922  1006   901   587   993  1112
WH2509  1960  1237  1174   823  1008   884   823   719   985   696  1034
WH2509  1970  1372   862   696  1117  1158  1370  1184  1051  1091  1075
WH2509  1980   864   631   902  1108  1219  1752  1259  1460  1528  1901
WH2509  1990   779   843  1424 -9999
WH3502  1934   411   351   719   529   974  1416
WH3502  1940  1978  1933  1575  1679  2517  2743  1274  1801  1056   844
WH3502  1950   949   391   517   378   274   125    85   105   253   253
WH3502  1960   232   101    51    78    75    87    41    44    73   117
WH3502  1970    95   109   109    76    90   106   161   148   106   148
WH3502  1980   106   232   274   360   518   590   506   528   529   487
WH3502  1990   444   296   394 -9999
WH4101  1906   998  1309  2520  2188
WH4101  1910   735  1246  2162  2248  1565  1278  1692  2381  1907  2293
WH4101  1920  1983  1268  1354  1163  1522  1882  1607  1560  1385   933
WH4101  1930  1199  1369  1755  1628  1371  1563  1603  1164  1532  1374
WH4101  1940  1808  1619  1598  1432  1617  1607  1114  1226  1416  1269
WH4101  1950  1626  1185  1370  1225  1267  1308   970   634  1290  1181
WH4101  1960  1433   821   840  1111  1106  1373   709  1212   838  1153
WH4101  1970  1298   673   502  1139   978  1062  1122   870  1032   885
WH4101  1980   579   852   937  1064  1098  1099   772  1321  1250  1057
WH4101  1990  1157   651   799 -9999
WH4102  1905   212   233   233   211   233
WH4102  1910   212   211   275   296   338   190   317   423   358   333
WH4102  1920   438   402   529   444   381   485   547   627   689   349
WH4102  1930   572   544   648   775   566   859  1041   684  1075  1013
WH4102  1940  1014  1058   811   890   926  1051   462   840   799   546
WH4102  1950   695   611   443   443   506   551   422   274   442   368
WH4102  1960   489   500   312   312   322   326   291   318   249   375
WH4102  1970   350   164   231   316   190   252   231   254   211   254
WH4102  1980   212   222   180   272   207   114   275   444   353   424
WH4102  1990   302   190   328 -9999
WH4103  1905   610   794   547   526   184
WH4103  1910   171   239   121    92   112   105   198   362   296   301
WH4103  1920   374   393   518   529   591   572   487   319   184   218
WH4103  1930   798   635   697   683   481   610   628   616   947   948
WH4103  1940  1540  1666  2122  1564  1858  2172  1303  1695  2208  1636
WH4103  1950  1910  1433  1268   912  1183  1065   807   610  1085   775
WH4103  1960   941   756   556   638   702   457   398   661   393   417
WH4103  1970   410   188   189   496   337   307   242   264   295   253
WH4103  1980   137   199   345   292   368   284   338   587   651   755
WH4103  1990   777   432   579 -9999
WH4104  1917   567   492   628
WH4104  1920   559   530   433   346   471   461   314   621   333   441
WH4104  1930   613   464   466   452   342   457   944   668   991   866
WH4104  1940   990   837   969   812   936  1225  1019  1409  1192   888
WH4104  1950  1099  1320  1195   803  1069  1311  1015  1047  2011  1792
WH4104  1960  1807  1496  1062  1517  1187  1397   921  1457  1162  1128
WH4104  1970  1277  1181  1191  1609  1490  1482  1474  1355  1109  1339
WH4104  1980  1302  1465  1281  1469  1144  1170  1042  1329  1090   966
WH4104  1990   766   502   533 -9999
WH4501  1938   610   560
WH4501  1940   822  1109   892   963  1108  1621   969  1842  1794   766
WH4501  1950   724   914   867   991  1057  1288  1025  1234  1283  1462
WH4501  1960  1300  2149  2463  2397  2614  1993  1999  2693  2436  2342
WH4501  1970  3512  1764  1726  1581  2031  2449  2966  3054  2178  2369
WH4501  1980  2437  2614  3262  3183  3076  2842  2978  3147  3703  4601
WH4501  1990  4378  3095  4079 -9999
WH5202  1864  1434  1547  1254  1190  1260  1331
WH5202  1870  1179   814   428   515   716   691   811   734   919   762
WH5202  1880  1216   838   983   854   708   652   869   576   681   422
WH5202  1890   716   887   811   900   828  1245  1390  1041  1166   698
WH5202  1900   731   949  1109   982  1417  1284  1274  1197  1541  1112
WH5202  1910  1347   606   888   855   946   528   635   783   978   870
WH5202  1920  1164   594   737   599   589   762   692   734   708   477
WH5202  1930   462   707   607   870   566  1307  1931  1015  1773  1564
WH5202  1940  1402  1632   931  1359  1438  1889  1045  1727  1639  1276
WH5202  1950  1756  1443  1088  1345  1288  1598  1142   807  1727  1235
WH5202  1960  1691  1737   958  1178  1335   960  1010  2044  1000  1524
WH5202  1970  2719   853   707  1206  1138  1635  1446  1280  1507  1567
WH5202  1980  1076  1466  1155  1383  1156  1720  1694  2418  2268  2090
WH5202  1990  1435  1116  1223 -9999
WH5205  1884  1087  1119  1528   971   342   790
WH5205  1890   612   931   528   836   625   601   583   495   761   475
WH5205  1900   575   531   388   328   469   485   380   393   375   473
WH5205  1910   256   279   278   380   523   445   500   658   677   630
WH5205  1920   679   807   888   663   978   917   542   815   643   541
WH5205  1930   605   791   834   837   652   820  1072   946   907   928
WH5205  1940  1201  1054   950   930  1289  1171   867  1507  1637  1172
WH5205  1950  1869  1336  1814  1596  2037  1855  1465  1176  2760  1722
WH5205  1960  2342  2197  1192  1538  1537  1815  1077  2769  1073  1177
WH5205  1970  1734   957   702  1143  1004  1305  1529  1297  1648  1386
WH5205  1980   881   994   975   894   921  1705  1023  1338  1129  1251
WH5205  1990  1270   669   782 -9999
WH5206  1861   376   392   470   411   358   372   178   199   390
WH5206  1870   109   157   143   165   128   176   141   156   171   145
WH5206  1880   129    78   133   188   148   169   129   147   184   152
WH5206  1890   211   232   274   211   316   612   415   163   334   523
WH5206  1900   272   328    79    87   210   173   234   154   366   453
WH5206  1910   551   240   290   495   567   463   514   667  1059  1647
WH5206  1920  1789  1633  1574  2039  3297  4008  2541  4711  3663  5786
WH5206  1930  3631  2576  3194  3251  1536  2489  3423  2248  2239  2133
WH5206  1940  2225  1961  2114  1796  1728  1876  1311  1713  1692  1079
WH5206  1950  1331  1012  1088  1067  1216  1408  1010   654  1032   779
WH5206  1960   983   876   710   773   816   840   754  1363   797  1130
WH5206  1970  1171   586   523  1004   898   789   685   725   682   827
WH5206  1980   639   663   846   841   679   781   842   985   903   985
WH5206  1990   944   603   755 -9999
WH5207  1913   688   824   431   431   472   435   498
WH5207  1920   270   516   464   409   601   962  1218  1407  1754  1943
WH5207  1930  1607  1479   738  1145  1189   979  1538  1192  1205  1142
WH5207  1940  1142   993   788   572   896  1316   826  1025  1254  1159
WH5207  1950  1178   783   813   652   519   528   391   333   703   586
WH5207  1960   975  1398   920   880   807   943   617   910   711   861
WH5207  1970   865   379   358   504   399   593   668   649   758   704
WH5207  1980   436   456   414   679   501   684   583   896   629   708
WH5207  1990   491   235   429 -9999
WH5209  1871   694   528   526   398   529   350   404   327   597
WH5209  1880   433   268   247   473   392   427  1265   819   534   690
WH5209  1890   774   753   699   926   659   511   750   536  1222   937
WH5209  1900   695   800   764   871  1000  1150   929  1110  1248  1007
WH5209  1910  1185   550   992  1244  1155   736  1010  1035  1205  1141
WH5209  1920  1115   631   940   935   906   843   717   861   943   621
WH5209  1930   871   791   772   984   566  1008  1177   801  1034  1015
WH5209  1940  1056  1034   865   888  1079  1248   571  1267  1396  1289
WH5209  1950  1692  1330  1011  1117  1055  1309   994   591  1435   925
WH5209  1960  1114  1161   696   654   740   676   529   783   592   740
WH5209  1970  1142   782   422   718   698   867   825   740   761   634
WH5209  1980   571   655   444   571   550   528   444   613   634   676
WH5209  1990   591   401   549 -9999
WH5401  1973   857  1088   809   892   899   659   516
WH5401  1980   311   524   499   843   847   569   612  1099  1480  2285
WH5401  1990  1524  1291  1566 -9999
WH5402  1932   207   238   190   275   211   140   117   145
WH5402  1940   233   254   360   445   588   449   184   162    49    22
WH5402  1950    51    85   209   240   193   337   175   182   171   204
WH5402  1960   494   518   891  1609  1407  1380  1557  1932  1108  1252
WH5402  1970  1471  1109   768   821  1368  1151  1757  2383  2628  2712
WH5402  1980  3070  4248  3072  4173  3898  3874  4655  4918  5694  5587
WH5402  1990  4725  3680  4758 -9999
WH5403  1945   110   115   129   125   152
WH5403  1950   212   552   454   774   682   502   789   775   828   318
WH5403  1960   335   370   316   337   631  1093  1360  2486  1237  1608
WH5403  1970   996   543   314    94    42   117   249   481   328   399
WH5403  1980   299   586   446   665   701   675   807  1141  1407  1515
WH5403  1990  1423  1326  1138 -9999
WI1302  1975   469   484   263   364   515
WI1302  1980   427   479  1049  1976  2692  1881  2278  2794  2077  4042
WI1302  1990  3505  2814  2315 -9999
WI1503  1958   341   104
WI1503  1960   127   246   199   391   467   677   737  1093   823  1521
WI1503  1970   773  1162   613   299  1702  2009  1937  1098  1499  1952
WI1503  1980  1464  1516  2009  1476  1146   592   757  1265  1680  3031
WI1503  1990  3599  3695  4154 -9999
WI4201  1968   190   193
WI4201  1970   131   141   127   170   297   293   382   472   628   469
WI4201  1980   481   596   836  1096  1074  1140  1636  2133  2059  2276
WI4201  1990  2423  2626  3191 -9999
WI4301  1945  1151  1015   816  1853  1264
WI4301  1950  1351  1406  1606  1203  1008  1164  1025  1270  1526  1568
WI4301  1960  2253  2185  1932  2323  2664  2665  2718  2582  2531  2582
WI4301  1970  2466  2480  1775  1408  1475  1707  1515  1543  1602  1535
WI4301  1980  2296  2787  2691  2918  2321  2687  2211  2754  3518  5220
WI4301  1990  4754  3536  4033 -9999
WI4307  1958   223   210
WI4307  1960   130   171   169   223   294   360   318   594   338   420
WI4307  1970   576   801   713    98   122   200   273   314   440   464
WI4307  1980   358   726  1115   866   606   845  1653  2256  1972  1596
WI4307  1990  2515  1746  2063 -9999
WI5301  1974   392   440   527   688   917   790
WI5301  1980  1104  1034  1117  1000   937   690   783   967   911   818
WI5301  1990   753  1084  1264 -9999
WJ3502  1924   169   466   148   190   211   146
WJ3502  1930   147   162   129   130    90   152   251   329   662   545
WJ3502  1940   591   477   410   490   407  1167   972  1042  2778  2168
WJ3502  1950  1561  1820  1609   844   736   313   241   180   361   348
WJ3502  1960   665   467   651   846   894  1041   923   931   652   773
WJ3502  1970   854   481   494   586   460   644   328   427   432   307
WJ3502  1980   266   311   373   577   399   422   481  1088  1123  1303
WJ3502  1990  1134  1449  1160 -9999
WJ3503  1871   261   173   285   338   296   317   316   225   193
WJ3503  1880   294   325   485   525   833   284   952   830  1359  1226
WJ3503  1890  1390  1549  1282  1101   812  1089   465   769   789   706
WJ3503  1900   897   982   710   708  1116   841   821   473   921  1213
WJ3503  1910  1095  1114  1001   928   602   485   538   909   889  1015
WJ3503  1920   834   811  1079  1097  1263  1562  1056  1118  1402  1120
WJ3503  1930   913  1081   997  1230   959   985   786   874   937  1027
WJ3503  1940   998   904   940   972  1227  1512  1121  1573  1628  1560
WJ3503  1950  1777  1597  1354  1057  1300   943   626   711  1457  1919
WJ3503  1960  1959  1565  1651  1466  1525  1466  1256  1486  1089  1226
WJ3503  1970  1544  1014   677   836   666   962   751   508   760   889
WJ3503  1980   708   873  1638  1773  1598  1745  1899  2649  2836  3435
WJ3503  1990  2686  1456  1275 -9999
WJ3504  1916   326   267   227   248
WJ3504  1920   142   208   520   372   469   420   487   884   390   479
WJ3504  1930   354   519   292   328   247   283   418   473   591   531
WJ3504  1940   563   420   568   337   529   965  1569  2373  3190  2461
WJ3504  1950  2097  2859  2344  1100   953   940   694   537   567   383
WJ3504  1960   550   455   368   542   898  1445   878  1036  1036  1160
WJ3504  1970  1346   856   695   719   867  1006   915  1033   975   780
WJ3504  1980   818   908  1248  1211  1087   881  1218  1591  1812  2823
WJ3504  1990  1378  1068 -9999
WK3102  1950   957   830   539   608   445   500   303   400   583   240
WK3102  1960   406   941   529   826   985   936  1110  1504  1682  1447
WK3102  1970  1153  1226   695   659  1107  1130  1224  1368  1352  1695
WK3102  1980  1487  1380  1576  1023  2010  1670  1227  1445  1806  1036
WK3102  1990  1581   883  1132 -9999
WB5101  1973   252   296   249   202   157   191   327
WB5101  1980   401   315   315   531   487   381  1634  1694  1301  1569
WB5101  1990  1920  1953  2202 -9999
WB6302  1869   995
WB6302  1870   508  1206  1206   659  1002   960   795   349   164    43
WB6302  1880    93    94    73    80    89    56    71   107    89    74
WB6302  1890   169   300   341  1005  1353  1558  1846  1170   955   488
WB6302  1900  1515  1264   995  1163   931  1386  2136  1701  3075  2364
WB6302  1910  3231  3331  2824  3667  3824  4860  1469   622   764  2009
WB6302  1920  4838  5905  5617  5116  4352  4598  3974  3848  4092  3880
WB6302  1930  4236  3175  4151  3165  3489  3235  4536  2728  3522  2995
WB6302  1940  3034  2506  2215  2930  3808  3456  3539  4140  3887  3004
WB6302  1950  3233  3065  3667  2908  2345  3054  3227  1919  1266  1814
WB6302  1960  2739  2847  1343  1519  1609  1545  1630  2454  2030  2687
WB6302  1970  3639  2094  2300  2312  2290  2179  2276  2623  2872  2688
WB6302  1980  1775  1917  1958  2082  1826  2537  2138  2010  1926  2410
WB6302  1990  1777  1736  2168 -9999
WB6400  1936   997  1421   847  1742
WB6400  1940  2454  2390  2552  2578  2934  2920  1667  1890  1880  1837
WB6400  1950  1307  1200  1573  1401   587   782   994   804   823   760
WB6400  1960   781  1012   903  1113  1263   865   823  1942  1225  1159
WB6400  1970   991   801   884   990   821   969  1116  1053  1201  1577
WB6400  1980  1522  1460  1853  1874  1734  1311  1395  1350  1788  2506
WB6400  1990  1854  1704  2068 -9999
WC1307  1974  1901  1734  2387  2322  1929  1829
WC1307  1980  1732  2409  2585  2663  1950   902  1337  2511  2087  2861
WC1307  1990  2277  1868  2179 -9999
WC1308  1954   378   390    87   152   615   847
WC1308  1960   721  1054  1058  1068  1858  1591  1794  1448  2386  1805
WC1308  1970  2870  2259  1921  1494   685   504   284   470   988   681
WC1308  1980   555   717   715   722   656   431   802   760   930  1078
WC1308  1990  1128  1106  1719 -9999
WC2106  1967   276   158   156
WC2106  1970   208   141   196    81   177   238   135   239   282   307
WC2106  1980   625   668  1322  1313  1389   889  1782  1816  3035  3528
WC2106  1990  3446  3395  4187 -9999
WC2203  1975   424   403   318   297   276
WC2203  1980   424   911   636   752  1026   977  1673  2522  3101  3143
WC2203  1990  3372  2591  3058 -9999
WC2305  1976   399   359   381   614
WC2305  1980   487   466   569   591   492   324   549   927  1011  1537
WC2305  1990  1377  2144  2473 -9999
WC3401  1967   109   148   176
WC3401  1970   226   183   333   204   341   294   414  1043   960  1238
WC3401  1980  2040  1262  1888  1475   863   997  1674  2180  2156  2545
WC3401  1990  1914  1972  2011 -9999
WC4301  1914   318   401   275   190   487   466
WC4301  1920   825   625  1041   870  1238  1398  1547  1653  1223  1389
WC4301  1930   242    65   135   206   259   376   868   953  1476  1630
WC4301  1940  1360  2470  1961  2656  3622  3973  2256  3626  1455  2287
WC4301  1950  3414  2909  2416  2653  2352  1840  2121  1096  2022  2565
WC4301  1960  2580  2602  1895  3159  4370  3650  1183  2801  3057  3655
WC4301  1970  3090  2045  2331  3979  3308  2522  3322  4682  4603  3232
WC4301  1980  2770  2685  2959  3804  2683  3256  3089  4410  4547  3303
WC4301  1990  3649  2768  2993 -9999
WC5206  1950    32  1049   442   365   316   217   202   233   174   195
WC5206  1960   312   337  1035   916  1602  1239  1317  1418  1185  1332
WC5206  1970  1897   400   908   508   619   319   120   295    91   246
WC5206  1980   140    63    35    63    49    84    70    77    69   194
WC5206  1990    95    87   112 -9999
WC5207  1909   128
WC5207  1910   217   225   232   169   273   209   392   268   206   166
WC5207  1920   246   476   522   426   276   465   553   290   208   210
WC5207  1930   252   200    75   127   189   147   126    84   317   269
WC5207  1940   209   287   126   169   324   204   183   197    84   120
WC5207  1950   169   134   141   218   161   140   141    99    42    84
WC5207  1960   140   166   120   109   125   329   446   645   478   830
WC5207  1970   792   433   438   507   697   412   566   661   582   691
WC5207  1980   472   620   683   810   761   684   494   719   698  1008
WC5207  1990   747   633   701 -9999
WE1203  1983   939   739  1013  1155  1981  1492  1986
WE1203  1990  3397  3481  3129 -9999
WF6402  1916   695   591   347   223
WF6402  1920   255   461   504   534   616   528   568   579   399   236
WF6402  1930   254   256   456   503   861   641   610   945  1963  1191
WF6402  1940  1150   885   732   463   355   427   616   817   761   529
WF6402  1950   844  1183  1034   663   759   856  1041   895  1081   991
WF6402  1960  1050  1018  1113  1229  1598  1408  1377  1517  1494  1411
WF6402  1970  1576  1336  1478  1134  1552  1661  1454  1710  1523  2065
WF6402  1980  2305  2721  3317  4162  4435  4125  3980  6218  6754  5768
WF6402  1990  5211  4763  5377 -9999
WH2503  1895   192   126   212   212   159
WH2503  1900   286   233   148   169   148   232   233   306   497   452
WH2503  1910   519   593   486   443   591   359   527   547   814   896
WH2503  1920   867   613   676  1397  1604  1393  1070  1070  1025  1049
WH2503  1930  1138   923   854   892   738   651  1462   590   708   350
WH2503  1940   339   448   351   232   378   562   411   386   614   497
WH2503  1950  1089   846  1164   995   889   783   614   659   678   444
WH2503  1960   801   550   427   368   362   747   836  1347   771  1256
WH2503  1970  1246   824   613   635   782   797   972  1246   723   698
WH2503  1980   226   137   124   149   171   367   422   701  1030  1206
WH2503  1990  1376   836   920 -9999
WH2507  1955   819   542  1003   864  1207
WH2507  1960   732   716   949  1077  1182  1503  1605  1088  1484   964
WH2507  1970  1137   889   148   190   275   254   166   125    77    63
WH2507  1980   125   269   487   402   273   401   570   866   868   955
WH2507  1990   922   479   666 -9999
WH4202  1805   302   315   156   214   133
WH4202  1810   158    88   130   120   120    91   105    81    61    76
WH4202  1820    85    76   125   169   148   212   233   297   297   254
WH4202  1830   469   306   517   417   390   473   375   335   439   374
WH4202  1840   329   347   306   320   221   199   230   213   192   152
WH4202  1850   141   149   136   202   185   215   384   235   313   227
WH4202  1860   150   234   206   249   259   251   177   293   320   227
WH4202  1870   188   207   248   304   226   256   178   169   216   301
WH4202  1880   232   271   429   340   258   290   431   300   314   280
WH4202  1890   301   337   463   405   290   419   350   419   504   327
WH4202  1900   247   317   255   213   393   298   371   352   293   247
WH4202  1910   287   267   323   306   269   234   274   293   273   272
WH4202  1920   200   248   296   218   359   338   359   280   302   264
WH4202  1930   321   338   358   437   338   418   500   401   461   501
WH4202  1940   623   768   570   615   758   822   473   741   811   583
WH4202  1950   958   874   665   772   813   937   731   503   901   653
WH4202  1960   832  1006   475   783   802   681   564   877   699   660
WH4202  1970  1037   688   334   606   545   831   800   872   885   759
WH4202  1980   591   612   528   867   596   721   672  1140  1436  1056
WH4202  1990  1027   440   832 -9999
WH4203  1886   115   178   235   256
WH4203  1890   381   444   399   532   847  1039   812   963   985   770
WH4203  1900   710   827   918   886   951   739  1095   761   817   426
WH4203  1910   324   304   303   264   297   129   203   145   251   267
WH4203  1920   246   140   216   161   216   254   218   294   301   226
WH4203  1930   191   189   210   134   134   193   240   257   293   234
WH4203  1940   234   391   293   313   332   390   313   568   661   550
WH4203  1950   477   400   588   477   496   602   640   574  1049   760
WH4203  1960   814   664   613   693   793   607   486   775   507   508
WH4203  1970   854   326   454   632   520   575   585   623   699   572
WH4203  1980   440   594   597   619   530   570   549   674   734   859
WH4203  1990   873   406   670 -9999
WH4204  1866   523   358   401   655
WH4204  1870   486   528   527   654   676   571   460   591   407   237
WH4204  1880   209   275   237   402   708   330   393   463   791   798
WH4204  1890   923   986   885   867   486   702   353   317   506   339
WH4204  1900   296   232   198   157   214   296   358   503   675   378
WH4204  1910   295   252   210   357   294   282   347   199   218   313
WH4204  1920   272   270   438   438   415   576   518   709   898   843
WH4204  1930   638   617   771   742   554   892  1282  1007  1130  1090
WH4204  1940  1328  1279  1322  1198  1568  1805  1406  1467  1753  1705
WH4204  1950  1630  1942  2086  1546  1449  1446  1071   589  1348   971
WH4204  1960   943   757   420   483   719   600   478   810   644   706
WH4204  1970   913   353   353   933   499   643   535   663   710   731
WH4204  1980   584   623   644   789   791   896   625   834   812  1288
WH4204  1990   697   338   592 -9999
WH5204  1933   182   170   141   179   164   196   111
WH5204  1940   190   190   148   190   190   169   240   128   169    69
WH5204  1950    79    80    66    79    66   133   103    75    84    93
WH5204  1960    54   102    87    91    78   108   112   162   190   289
WH5204  1970   292   250   223   309   228   230   249   483   609   569
WH5204  1980   592  1079   755  1149  1235  1195  1015  1247  1483  1409
WH5204  1990  1448   825  1106 -9999
WH5208  1801   258   108   102   200   128   168   127   187   249
WH5208  1810   269   331   330   432   387   535   709  1162  1168   573
WH5208  1820   628  1150   699   656   558   831   651   671   568   490
WH5208  1830   813   965   723   707   592   612   552   384   430   349
WH5208  1840   356   263   151   340   114   105   183   183   126   137
WH5208  1850   138   177   148   128    79   237   217   352   165   223
WH5208  1860   183   300   272   253   194   308   347   252   233   192
WH5208  1870   288   254   293   332   391   396   277   209   356   341
WH5208  1880   382   209   411   289   238   257   314   166   206   156
WH5208  1890   250   253   371   371   331   446   548   415   460   321
WH5208  1900   344   410   287   248   414   311   328   286   313   356
WH5208  1910   357   317   442   442   379   253   338   508   444   359
WH5208  1920   380   253   443   422   337   401   336   462   441   252
WH5208  1930   378   294   294   377   294   419   397   334   377   293
WH5208  1940   357   378   273   419   376   416   353   455   475   515
WH5208  1950   655   555   698   678   985   905   733   611  1263   757
WH5208  1960   883   568   431   431   475   409   377   858   709   919
WH5208  1970  1041   333   271   541   436   581   456   498   576   537
WH5208  1980   393   418   537   518   540   491   519   641   535   537
WH5208  1990   541   355   492 -9999
WI4303  1853   203    87   154   288   221   256   143
WI4303  1860   220   203   129   229   116   145   126    97   111   121
WI4303  1870   107   103    83   127   120   123   107    90   204   359
WI4303  1880   339   493   793   378   305   255   254   259   482   441
WI4303  1890   778  1111  1105  1030   764   887   990   556   463   397
WI4303  1900   686   983   674   773  1087   775   734   416  1291   838
WI4303  1910   553   504   326   271   263   318   521   699   886   960
WI4303  1920  1163   905   938   837   951  1129   802   677   657   361
WI4303  1930   468   568   701   741   757   862   926   530   797   694
WI4303  1940  1211   928  1261  1407  1048  1376   972   899  1687  1401
WI4303  1950  1692  1892  1649   819   877   939   443   137   507   780
WI4303  1960  1308   801   653   739   663   458   624   853   553   925
WI4303  1970  1015  1502  1111   729   761   587   725   809   438   180
WI4303  1980   153   321   258   618   465   550   423   316   337   681
WI4303  1990   452   324   246 -9999
WI4309  1868   340   286
WI4309  1870   254   340   403   623   455   608   504   305   221   159
WI4309  1880   320   389   286   306   166   130   192   266   143   101
WI4309  1890   124   244   347   502   294   350   539   642   596   658
WI4309  1900   674   956   715   258   376   463   384   462   502   496
WI4309  1910   443   320   331   377   374   222   317   345   596   867
WI4309  1920   775   897  1291  1291  1198  1094  1083  1012  1268  1294
WI4309  1930  1107   739   710   790   928  1082  1344  1438  1611  1108
WI4309  1940  1198   720   859   987  1326  1388  1449  1154  1361  1059
WI4309  1950   882   739   609   588   699   766   565   544   380   227
WI4309  1960   242   138   188   234   295   655    97   118   185   320
WI4309  1970   243   493   565   187   239   501   548   503   269   413
WI4309  1980   423   493   871   657   462   259   298   373   434   608
WI4309  1990   515   493   578 -9999
WI5501  1959   244
WI5501  1960   238   140   456   673   611   950   874   370   296   528
WI5501  1970   312   272   226   261   123   449   441   550   652   633
WI5501  1980  1097  1502   835  1584  1113   892  1483  2600  3443  4240
WI5501  1990  4497  2372  2584 -9999
WA1101  1943   868   901  1428  1629  1361  1311  2010
WA1101  1950  1541  2147  2210  2133  1650  1227  2131  1924  2109  2378
WA1101  1960  2603  2743  2638  3069  4667  4053  7911  6463  3428  2592
WA1101  1970  4964  1833  3119  3622  3364  3787  3545  3461  3104  3404
WA1101  1980  2770  3509  3485  2894  3482  3562  3594  5141  5535  5611
WA1101  1990  4224  4338  4969 -9999
WA1106  1963    17   638   869   654   961   733  1067
WA1106  1970   787   636  1040   916  1195  1667  1118  1587  2074  1966
WA1106  1980  1923  2530  2718  3444  3728  2993  2899  4565  5460  4780
WA1106  1990  5344  4070  5030 -9999
WA1310  1930   591   106   211   359   616   758   888   529   487   716
WA1310  1940   635    96   142   121    88   178   182   120   174   447
WA1310  1950   550  1001  1050  1070  1237   887  1057  1333  1439  1077
WA1310  1960  1436  1608  1268  1880  1226  1913  1337  1674  2093  2877
WA1310  1970  3194  2153  3227  1313  3196  4444  5414  6381  6308  4640
WA1310  1980  5291  7744  6320  6599  4986  4905  6129  8532 10167  8957
WA1310  1990 10068  5907  4971 -9999
WA1403  1963   265   285   571   528   738   740  1263
WA1403  1970  1053   841   949   654  1309  1278  1385  1595  1548  1929
WA1403  1980  2364  2233  3063  2999  2760  2590  2665  3115  4295  4347
WA1403  1990  3952  3517  4973 -9999
WA2102  1944   464   360   403   488   712   379
WA2102  1950   659   726   680   779   665   900   602  1090  1191  1361
WA2102  1960  1818  1403  1483  2038  2408  3078  3408  3985  3559  5890
WA2102  1970  4189  3004  2898  3612  3089  4104  4734  5926  5167  3907
WA2102  1980  3283  3289  2866  2826  2934  3551  3633  4360  5626  5856
WA2102  1990  5578  4489  4590 -9999
WA2301  1961   414   304   412   444   508   592   886   694   906
WA2301  1970   761   633   773   480   960   856  1400  1234  1465  1487
WA2301  1980  2357  1875  2006  2263  1988  1628  2051  2388  2430  2792
WA2301  1990  3469  3630  4217 -9999
WA2501  1871    50   461   518   701   874   463   468   354   275
WA2501  1880   169   381   602   652   655   825  1249   762  1037   550
WA2501  1890   451   539   358   316   295   315   419   462   544   416
WA2501  1900   270   332   351   541   817   947   815  1015  1137  1250
WA2501  1910   757  1678  1646  1567  1164  1055   992   800   569   738
WA2501  1920   928   929  1055  1476  1381  1938  1351  1586  2009  2071
WA2501  1930  2207  2098  2530  2900  2179  1630  1799  1270  1624  1993
WA2501  1940  2042  1603  1393  1777  1608  1566   720   910   857   931
WA2501  1950  1729  1182  1379  1550  1363  1197   533   775  1457  1121
WA2501  1960  1291  1079   508   762   781  1326  1485  1990  1695  1876
WA2501  1970  2343  1415  1060  1152  1050  1766  1897  2084  2548  1769
WA2501  1980  1764  2486  2069  2225  2006  1545  1312  1820  2180  1847
WA2501  1990  1423   965  1185 -9999
WA2502  1859  1209
WA2502  1860  1055   832   823  1173  1421  1137  1307   643   719  1676
WA2502  1870  1048   860   863   761   446   590   254   233   286   243
WA2502  1880   189   190   126   190   190   273   352   259   316   415
WA2502  1890   265   248   269   164   143   268   244   281   201   220
WA2502  1900   212   253   214   359   425   440   581   635   741   322
WA2502  1910   623   563   669   786   839   646   662   814   677   757
WA2502  1920   907   875  1067  1340  1404  1631  1406  1502  1874  1833
WA2502  1930  1680  1157  1416  1657  1292  1194  1427  1217  1067  1464
WA2502  1940  1572  1175  1056  1199  1281  1271   982   736  1269  1231
WA2502  1950  1529  1198  1059  1250  1221  1190   563   842  1170   887
WA2502  1960  1124  1559  1008   860  1169   910   945  1479  1162  1357
WA2502  1970  1995  1286  1281  1043   777  1265  1514  1852  2006  1383
WA2502  1980  1363  1593  1501  1318  1198  1080  1133  1642  1846  1898
WA2502  1990  1271   760   838 -9999
WA2503  1854   897   414    93   148   125   167
WA2503  1860   175   231   181   186   208   207   166   187   203   150
WA2503  1870   167   126   126   150   146   190   139   125   190   141
WA2503  1880   138   202   126   106   378   370   414   323   473   273
WA2503  1890   168   250   199   278   286   394   346   378   736   554
WA2503  1900   641   642   194   134   367   514   718   737   592   571
WA2503  1910   551   613   822  1060   965  1008  1161  1185  1124  1297
WA2503  1920  1491  1426  1589  1447  1133  1564  1501  1746  2193  1979
WA2503  1930  1718  1266  1525  1671  1437  1525  1801  1924  1835  1636
WA2503  1940  1494  1365  1283  1411  1491  1607  1523  2179  2391  1903
WA2503  1950  1965  2069  1754  1838  1945  1502  1121   973  1523  1397
WA2503  1960  1284  1099  1095  1331  1455  1034  1063  1131  1167  1157
WA2503  1970  1502  1181   820  1205  1171  1290  1269  1248  1185  1216
WA2503  1980  1115  1131  1316  1502   952  1079  1007  1648  1771  1756
WA2503  1990  1335  1035  1509 -9999
WA2504  1875   392  1009   664   391   588
WA2504  1880   910   487   254   244   216   249   422   786   527   338
WA2504  1890   352   570   398   415   220   284   252   313   676   530
WA2504  1900   397   439   504   918   919  1015  1034   993  1162   761
WA2504  1910   931  1155  1264  1496  1320  1300  1282  1312  1474  1832
WA2504  1920  1777  1313  1523  1587  1651  1925  1565  2050  2131  2883
WA2504  1930  2542  2210  2603  2398  1839  1958  2989  2039  2729  2391
WA2504  1940  2540  2633  2814  2293  3002  3159  2291  2708  2653  2653
WA2504  1950  3170  2442  2312  2178  2009  1515  1140  1250  2513  1685
WA2504  1960  2396  1390  1374  1938  1817  1716  1761  1762  1500  2011
WA2504  1970  2252  1670  1270  1656  1837  1697  1796  2085  1818  1648
WA2504  1980   791  1157  1358  1390  1294  1172  1399  1847  1826  1759
WA2504  1990  1019   753   822 -9999
WA2505  1868     8    82
WA2505  1870   159    95   114   176   129   121   116   113   154   100
WA2505  1880   126   439   331   445   279   253   189   520   370   529
WA2505  1890   387   663   628  1146   427   858  1027  2160  3264   449
WA2505  1900   441   757   248   236   306   649   990   990   505   591
WA2505  1910   261   323   426   550   740   506   973   396   498   411
WA2505  1920   371   318   344   259   184   234   211   290   386   389
WA2505  1930   321   333   714   664   613  1047  1427  1481  1596  1194
WA2505  1940  1358  1361  1596  1751  1824  2174  1253  1904  2141  1942
WA2505  1950  2820  1855  1545  1978  1854  1471   825   964  1354  1437
WA2505  1960  1608  1814  1184  1835  1960  1853  1670  1629  1899  2115
WA2505  1970  2608  2088  1210  1348  1221  1881  1932  2514  2437  1760
WA2505  1980  2006  2475  2072  2600  1670  1403  1489  2896  3107  2479
WA2505  1990  1441  1151  1641 -9999
WA3101  1954    21   460   419   437   410   275
WA3101  1960   402   276   318   382   370   427   497   566  1077  1224
WA3101  1970  1255   942   358   305   507   528   698   594   638  1064
WA3101  1980   755  1349  1228   901   926   840   832   794   940   982
WA3101  1990   577   590   465 -9999
WA3301  1946  1270  1760  2940  2165
WA3301  1950  2553  1904  1748  1602  1564  1436  1179   875  1024   665
WA3301  1960   789   409   725   860   626   768   766   763   817  1363
WA3301  1970  1325  1061   838   982   931  1145  1184  1139  1068  1105
WA3301  1980   884  1158   972  1056  1268  1162  1351  1646  1476  1542
WA3301  1990  1035  1209  1603 -9999
WA3302  1940  1871  1050   856  1150   775  1480   771  1355  1536  1964
WA3302  1950  1943  1672  2220  2299  2278  2115  1932  1659  2110  1755
WA3302  1960  2407  2218  2430  3203  3378  3559  3398  4049  2381  3780
WA3302  1970  3431  2849  2451  2342  2257  2382  2906  3398  3737  2848
WA3302  1980  1631  3153  2505  3300  2396  2587  2771  3851  3576  3431
WA3302  1990  2896  2192  3080 -9999
WA3303  1970   391   390   550   444   766  1307   801  1246  1642   727
WA3303  1980   887   760   704  1042   703   923  1162  2307  3715  3237
WA3303  1990  3202  2581  2528 -9999
WA3304  1967   575   610   369
WA3304  1970   725  1443  1941  2320  1874  1428  1707  1967  1508   960
WA3304  1980  1000  1765   718  1182  1239   967   985   915   828   919
WA3304  1990   561   604   837 -9999
WA3305  1918   523   938
WA3305  1920  1443  1193   583   713   465   637   443   614   822   572
WA3305  1930   219   299   367   426   848   928  1576   591   821  1085
WA3305  1940   745  1034   649   564   595   715  1135  1310  1097   594
WA3305  1950   551   456   382   325   325   317   362   376   452   662
WA3305  1960   739   704  1019  1284  1425  1400   511   810   970  1677
WA3305  1970  2029  1404   896  1397  1429  1784  2215  1830  2678  2335
WA3305  1980  1832  2304  1722  1734  1225   940   842  1700   732  2765
WA3305  1990  1108   987  1277 -9999
WA3307  1914  1749   702  1152  3498  1640  2009
WA3307  1920  1559  1390  1555  1555  1616  2047  1987  1791  1815  1374
WA3307  1930   914  1069  1454  1647  1584  1789  2365  2330  2453  2054
WA3307  1940  2294  2121  2091  2221  3131  3117  2519  3352  3378  2046
WA3307  1950  2319  2085  1903  1917  2364  2412  1990  1842  3425  2005
WA3307  1960  1681  3281  2879  4065  3211  4375  3005  3669  2366  3010
WA3307  1970  3207  2628  1832  2338  1945  2431  2474  3237  3532  2339
WA3307  1980  1692  2256  1435  1986  1922  1465  1955  3435  3064  1964
WA3307  1990  2016  1619  1711 -9999
WA3401  1808   315   335
WA3401  1810   243   300   154   122   270   170   148   115   203   170
WA3401  1820   230   141   223   357   290   341   247   245   164   223
WA3401  1830    88   200   108   246   620   186   370   267   125   124
WA3401  1840   109   121    48    56    97    80   258   471   268   105
WA3401  1850   145   101   187   227   205   206   296   420   254   228
WA3401  1860   412   390   432   234   540   788  1129   964   985   570
WA3401  1870   666   773   704   923   517   418   849   740   718   387
WA3401  1880   471   306   267   386   259   222   184   225   220   159
WA3401  1890   296   711   255   342   299   280   280   261   221   170
WA3401  1900   460   563   122   140   742   397   140   266   223   387
WA3401  1910   181   207    93   107   164   192   277   353   398   197
WA3401  1920   146   179   399   373   448   682   873   651   981   750
WA3401  1930   783   861  1137  1398  1152  1234  1897  1816  1778  1555
WA3401  1940  1669  1308  1068  1288  1592  1575  1389  1115  1516  1564
WA3401  1950  1585  1099   867   908  1288  2134  2288  1630  2241  1335
WA3401  1960  1745  1191   939  1458  1300  1798  1756  1907  1121  1339
WA3401  1970  1733  1300   899  1288  1207  1386  1483  1820  1846  1247
WA3401  1980  1185  1861  1116  1413  1234  1237  1176  1932  1726  1382
WA3401  1990   808   401   543 -9999
WA3402  1859  1965
WA3402  1860  1806  1902  2311  3570  2223  1849  1794  1294  2169  2768
WA3402  1870  2557  3290  2382  1811  1993  2256  1948  2353  1941  1900
WA3402  1880  2319  1529  1455  2372  1832  1810  3269  2149  2730  2173
WA3402  1890  2609  2566  2102  3263  2670  2587  1806  2849  2919  3228
WA3402  1900  2948  2863  2456  2649  2928  3062  2724  2343  4276  3192
WA3402  1910  2812  2679  2908  3147  2916  1895  1930  1613  1157  1126
WA3402  1920  1236  1520  2243  2299  2138  2407  2219  2475  2633  2326
WA3402  1930  2428  2327  1945  2230  1907  2190  3903  4030  4419  4103
WA3402  1940  3063  2705  2262  2304  2892  2232  2432  2239  2030  1745
WA3402  1950  2118  2054  1664  2033  1869  2132  2169  2375  2577  2147
WA3402  1960  2337  2453   613  1729  1587  1899  2097  1805  1437  2205
WA3402  1970  2687  2249  1904  1861  1575  1699  1877  1300  1831  1371
WA3402  1980  1428  2095  1478  1851  1220  1384  1175  2057  2085  1783
WA3402  1990   577   560  1090 -9999
WA3403  1926   406   488   546   476
WA3403  1930   475   370   814   749   378   451   430   557   482   445
WA3403  1940   535   379   369   595   759   861   403   522   390   529
WA3403  1950   369   392   453   272   208   378   573  1062  2163  1883
WA3403  1960  1925  1448  1322  1904  1416  1363  1417  1627  1269  1333
WA3403  1970  1481  1185  1100  1501  1964  1774  2009  1967  1818  1604
WA3403  1980  1434  1289  1281  1299  1195  1070  1151  1348  1357  1454
WA3403  1990  1168   933  1308 -9999
WA3404  1937   391   465   476
WA3404  1940   709  1046   982   570   611   700   744   931  1340   945
WA3404  1950  1605  1275  1170  1143   783   528   400   253   530   495
WA3404  1960   692   504   608   439   189   190   148   232   296   423
WA3404  1970   362   378   487   570   464   380   571   781   587   741
WA3404  1980   422   444   507   516   541   507   824   633   739   675
WA3404  1990   506   316   442 -9999
WA3501  1891   275   212   141    82    92    78    91   106    99
WA3501  1900    85   134   130   212   159   243   265   264   339   254
WA3501  1910   254   265   256   417   270   331   269   309   328   362
WA3501  1920   281   337   315   332   254   372   335   653  1085  1321
WA3501  1930  1257   861   734   628   376   440   331   126   118   143
WA3501  1940    99   118   117   174   191   207   135   151   182   153
WA3501  1950   251   180   202   243   208   227   226   412   590   833
WA3501  1960   989   676   918   832   764   769   815  1025   876  1194
WA3501  1970  1146   873   850   770  1129   989  1057  1249  1288  1367
WA3501  1980  1255  1211   418   299   625   677   708  1273  1775  1573
WA3501  1990  1277   977  1540 -9999
WA3504  1955  1611  1449   856  1003  1227
WA3504  1960  1545  1270   977   946  1011   873   760  1245   718  1006
WA3504  1970  1241   608   714   940  1021  1143  1074  1130  1091  1077
WA3504  1980   915  1187  1120  1018  1102   937   766  1151  1122  1574
WA3504  1990  1462   776  1128 -9999
WA3505  1908  2368  2189
WA3505  1910  2323  1504  1950  2798  2769  1830  2075  1348  1063  1091
WA3505  1920  1304  1241  1561  1457  1195  1687  1163  1041  1510  1325
WA3505  1930  1075   937  1111  1408   962  1037  1290  1065  1312  1112
WA3505  1940  1363  1110   970  1137  1116  1179   936  1050  1203  1029
WA3505  1950  1263   714   684   664   801   970   905  1096  1117  1075
WA3505  1960   992   930   888   930   888   888   867  1120   612   846
WA3505  1970  1079   613   529   782   803   990   790   895   946   905
WA3505  1980   568   630  1021  1003  1008   972   951  1180  1119   961
WA3505  1990   665   476   639 -9999
WA4101  1975  1632  2440  1523  1560  1351
WA4101  1980  1558  3009  2192  2761  1687   575   711  1382  1639  1615
WA4101  1990  1258  1339  2054 -9999
WA4302  1936  1054   736   824   852
WA4302  1940  1053   909  1003  1011   906  1117  1608  1914  2185  2113
WA4302  1950  2436  1713  2337  2186  2400  2101  1676  1865  2807  1893
WA4302  1960  1914  1645  2069  2514  3087  2644  2493  3604  2902  3515
WA4302  1970  3390  2209  1787  2865  2859  3397  3956  5160  5401  3999
WA4302  1980  3497  3845  3655  4254  2891  4172  4551  5328  4969  5366
WA4302  1990  4677  3404  3835 -9999
WA4401  1954   104   203   335   488   465   279
WA4401  1960   359   253   187   988   743   432   550   935   823   881
WA4401  1970   654   845   673   421   668   751  1086  1411  1881  1516
WA4401  1980  2318  2144  2651  2574  2011  2393  3409  4865  3701  3188
WA4401  1990  4950  4590  5211 -9999
WA5101  1867   468   714   777
WA5101  1870   503   269   330   379   532   612   388   789   686   319
WA5101  1880   334   353   199    90   118   383   100   132   146   245
WA5101  1890   304   190   114   140   148   135   118   311   809   448
WA5101  1900   503   401   330   237   257   513   536   638   388   567
WA5101  1910   456   504   656  1362  1425  1189   881   560   415   662
WA5101  1920   592  1217  1341  1131   872  1279  1057  1458  1942  1820
WA5101  1930  2241  2055  2174  1980  1661  1741  2275  2291  2294  2218
WA5101  1940  2136  1985  1877  2059  2206  2659  2057  1726  2269  2446
WA5101  1950  2710  2401  2185  2462  2539  2596  2170  1637  2140  1765
WA5101  1960  2222  2640  1711  2065  1918  1821  1651  2519  1585  2234
WA5101  1970  2967  2040  1273  1609  2088  2659  2693  3259  3339  2863
WA5101  1980  2888  3295  3002  3376  1974  2256  2306  3532  3315  3631
WA5101  1990  3201  2327  2390 -9999
WA5102  1870   360   233   216   278   553   568   677   326   620   463
WA5102  1880   431  1101   560   669   590   746   543   252   400   862
WA5102  1890  1316  1672  1068  1437   512   620   240   401   547   213
WA5102  1900   214   175   214   245   287   344   577   549   662   585
WA5102  1910   517   377   384   481   552   558   588   384   344   298
WA5102  1920   267   430   557   653   802  1510  1329   868  1151  1323
WA5102  1930  1602  1780  2262  2760  2311  2326  2702  2075  2524  2511
WA5102  1940  2780  2699  2266  2098  2548  2800  2088  2021  2355  2219
WA5102  1950  3003  3123  3396  3753  3246  3720  3891  4149  4827  2896
WA5102  1960  2676  4294  2048  4132  3223  2969  3043  4506  2792  3299
WA5102  1970  4358  2517   887  1361  1908  2751  2929  3656  3227  2523
WA5102  1980  3267  4146  2919  3510  2242  2178  1348  3328  4690  3786
WA5102  1990  3645  2140  1902 -9999
WA5103  1884  1135   811  1486   653  1273   947
WA5103  1890  1267  1077   927   822   612   906   506   653  1221   757
WA5103  1900   627   528   495   791   485  1151  1648  1502  1629  1265
WA5103  1910   816   639  1096  1889  1803  1543  1243  1320  1193  1713
WA5103  1920  1357  2021  1698  2045  2010  2211  1592  2281  2441  2213
WA5103  1930  1790  2459  2273  2381  1820  2356  3805  3275  3400  2661
WA5103  1940  2115  2326  2029  2105  3119  3595  1394  1747  2224  2031
WA5103  1950  2576  2432  2265  2128  2279  2931  2625  2076  2908  2140
WA5103  1960  1855  2094  1650  2178  1139  2595  2818  3287  2617  3314
WA5103  1970  4083  2369  2453  3279  3363  3534  3067  3465  3672  3118
WA5103  1980  2810  2841   525   903  1036   993   392   561   702   787
WA5103  1990 -9999
WA5104  1899   592
WA5104  1900   508   473   481   442   338   338   232   339   395   444
WA5104  1910   380   395   373  1787  1233  2443  1287  1649  1159  1664
WA5104  1920  1424  1303   838  1354  1164  1160   798   778   696   570
WA5104  1930   486   422   338   360   339   432   690   560   476   506
WA5104  1940   420   335   335   419   523   588   484   709   612   957
WA5104  1950   541   481   274   328   283   357   441   314   439   376
WA5104  1960   438   332   416   399   376   395   353   450   313   492
WA5104  1970   592   317   269   261   755   421   421   567   480   378
WA5104  1980   500   536   867  1265  1166   846   930   685   856   677
WA5104  1990   465   444   381 -9999
WA5402  1981   992  1139  1060   901   830  1333  1914  1821  2445
WA5402  1990  2431  2685  2898 -9999
WA6203  1865   421   297   273   324   151
WA6203  1870   147   115   124   235   178   321   213   946   389   304
WA6203  1880   300   365   297   413   748   482   589   190   253   317
WA6203  1890   253   465   253   381   423   317   275   444   616   207
WA6203  1900   206   114    62   103   113   135   134    94   123    92
WA6203  1910    83    81   185   289   289   395   353   207   249   126
WA6203  1920   144   123   165   227   269   352   473   592   491   389
WA6203  1930   344   402   421   440   336   416   438   474   630   509
WA6203  1940   467   448   457   637   688   811   733   821  1635  1772
WA6203  1950  2650  2122  1052  2096  2473  2348  2243  2012  2524  2045
WA6203  1960  2385  2808  1549  2061  2219  1750  1965  2542  1613  2057
WA6203  1970  3007  1819  1309  1984  2040  3200  2055  2715  3223  2443
WA6203  1980  2017  1889  1858  2144  1807   571  1057  2354  2410  2461
WA6203  1990  2846  1776  2403 -9999
WA6204  1929   226
WA6204  1930   158   207   317   275   253   127   279   200   166   261
WA6204  1940   200   120   104   120    84   190   210   296   549   655
WA6204  1950   721   589   339   529   487   637   514   566   418   406
WA6204  1960   408   338   317   232   211   212   296   233   106   169
WA6204  1970   360   319   147   416   304   216   358   316   215   175
WA6204  1980   225   264   267   166   171   229   124   127 -9999
WB1202  1942   116   185   201   258   206   257   270   246
WB1202  1950   447   140   352   358   435   649   691   974  1235  1219
WB1202  1960  1255  1636   938  1743  1348  1095   816  1305   759  1796
WB1202  1970  1091   437   349   345   595   632   733   607   836   563
WB1202  1980   482   420   460   481   506   381   375   365   339   586
WB1202  1990   405   337   526 -9999
WB4206  1969   359
WB4206  1970   226   201   235   197   300   340   470   550   542   713
WB4206  1980   907   550  1161  1592  1250  1829  1810  2750  2270  2380
WB4206  1990  2485  2468  3046 -9999
WB4303  1938    16  2994
WB4303  1940  2011  2781  2783  2331  3300  3969  2446  3102  3277  1946
WB4303  1950  2199  2174  2622  2579  2051  1987  2492  2574  2844  2672
WB4303  1960  2305  3694  2878  2732  2921  2745  2702  3590  2472  2578
WB4303  1970  3444  1412  1625  1521  1733  1988  1881  2153  2454  2432
WB4303  1980  1924  1776  2178  2094  2368  2239  2229  2539  2301  2919
WB4303  1990  2002  1889  1941 -9999
WB4402  1973   185   142   125   230   254   381   487
WB4402  1980  1037  1057  1178  1521  1206   952  1989  2157  2073  2263
WB4402  1990  2297  2069  2950 -9999
WB6201  1928   425   308
WB6201  1930   675   405   310  1416   565   807   826   910  1101  1169
WB6201  1940  1126  1525  1260  1574  1649  2017  1309  1675  2362  2164
WB6201  1950  2457  1990  1800  2514  2437  2356  1869  2051  2617  2469
WB6201  1960  3266  3596  2814  4271  4534  5020  3805  5441  3597  4013
WB6201  1970  4924  2872  1582  1496  2663  4050  4410  4739  4935  4188
WB6201  1980  3716  3728  3864  4285  3010  3329  2755  4021  4548  4718
WB6201  1990  3522  2820  3051 -9999
WB6405  1862    63   593   382   678   848   594   763   548
WB6405  1870   930  1289   850  1212  1700  1205  1247  1090   797  1008
WB6405  1880  1033  1226  1797  2581  2199  2030  2621  1543  2516  1919
WB6405  1890  2327  3343  2760  2893  1537  2329  2885  3420  3314   949
WB6405  1900  2171  1856  1850  2164  2766  1928  1490  1901  2509  1636
WB6405  1910  1443  1095  1075  1830  1868  1584  1265  1046  1012   990
WB6405  1920  1417  1396  1444  1466  1287  2041  1774  1893  1873  1605
WB6405  1930  1490  1780  1555  1864  1035  1417  2506  1503  2427  1753
WB6405  1940  2369  2164  2092  1923  2218  2360  1709  1897  2119  1876
WB6405  1950  1932  1889  1597  1743  1808  2028  1539  1344  1658  1382
WB6405  1960  1534  1978  1261  1566  1145  1674  1528  2104  1503  1665
WB6405  1970  1993  1570  1444  1329  1218  1685  1470  1609  1625  1621
WB6405  1980  1454   920   787  1291  1445  1487  1133  1239  1683  2001
WB6405  1990  1438  1262  1499 -9999
WB6402  1905  1134   560   286   575   134
WB6402  1910   249   300   298   308   273   286   134   142   161   196
WB6402  1920    52   144   253   412  1593  1545  1311   359   317   444
WB6402  1930   444   614   995   823   717   835   772   782   360   420
WB6402  1940   627  1166   888   974  2009  2634   665  1783  1630  2285
WB6402  1950  2185  2271  1809  1399  1609   825  1101  1277  1234  1187
WB6402  1960  1163  1248   866   926  1082   352   435  2066  1539  1433
WB6402  1970  1418  1182  1009   896  1510  1651  2385  2177  1349  2114
WB6402  1980  1757  1747  2354  1219  1543   952  2562  4353  5264  6062
WB6402  1990  4074  3674  4486 -9999
WC1302  1962  1013  1203  5809  4781  6294  3952  2585  3595
WC1302  1970  3575  2807  2053  2586  2560  2395  2978  3960  4278  3799
WC1302  1980  3374  4196  3495  4358  3045  3237  2758  3001  2962  3783
WC1302  1990  3246  3519  4572 -9999
WC1304  1974  2001  3514  3787  3620  2867    40
WC1304  1980  2209  3362   369  1511  1496  1417  1757  3089  3338  1605
WC1304  1990  2851  2150  2303 -9999
WC1305  1955   589   468   267   550   356
WC1305  1960   396  1365  1647  2158  2064   940  1004   882   611   571
WC1305  1970   571  1294  1046  1121   825   654  1099  1375  1033   901
WC1305  1980   565   608   862   982  1037   753   696  1017   909  1138
WC1305  1990   991   760  1010 -9999
WC1306  1973  1228  1642  1941  2158  2418  2063  2002
WC1306  1980  2303  3415  2978  2862  2133  1150  1484  2125  2159  3515
WC1306  1990  2904  2314  2423 -9999
WC5208  1911    38   398   468   464   467   955   829   777   867
WC5208  1920   624  1015  1288  2235  1856  1844  1639  2147  1753  1175
WC5208  1930  1299  1625  1487  2164  1967  1691  2023  2233  2364  2104
WC5208  1940  1701  1895  2550  2713  2835  3413  2750  4184  4494  4152
WC5208  1950  4210  3003  2931  3676  3403  2546  2379  2580  3709  3204
WC5208  1960  3045  2905  2297  4240  2684  4731  3462  3934  3237  3996
WC5208  1970  4518  3196  3040  3103  3141  3225  2817  3764  4216  4190
WC5208  1980  3489  3493  3074  4488  3677  3176  2901  3629  5117  5811
WC5208  1990  4034  2928  4693 -9999
WD1301  1967  3280  2335  2827
WD1301  1970  2362  1992  1737  1892  2225  2160  2132  1198  1449  1527
WD1301  1980   877   587  1023   484   513   405   303  1028   280   510
WD1301  1990   540   768   474 -9999
WD1302  1892   445   522   494   537   454   465   518   413
WD1302  1900   422   414   337   462   210   190   169   190   148   190
WD1302  1910   190   233   169   190   190   233   233   275   169   190
WD1302  1920   185   658   613   697   740  1376  2310 10103  4616  3158
WD1302  1930  1129  1082   777   839   641   714   778   642   669   430
WD1302  1940   310   484   497   410   647   557   499   578   634   462
WD1302  1950   614   609   549   464   634  1015   846   570  1182   906
WD1302  1960  1921  1288  1072  1054   950  1035   824  1559  1223  1729
WD1302  1970  2787  1183   718  1309  1203  2052  2255  2771  3163  2968
WD1302  1980  2068  2825  2213  2802  2802  2738  2374  3108  3747  5153
WD1302  1990  4885  2851  4530 -9999
WD4101  1973   464   297   275   297   339   400   757
WD4101  1980   966   951  1651  1561  1547   982  1353  2279  2173  2974
WD4101  1990  4043  3764  4125 -9999
WD4204  1968   238   322
WD4204  1970   255   202   334   252   314   379   380   906  1103  1243
WD4204  1980  1817  1545  1868  2242  1881  1749  1735  2282  2404  2776
WD4204  1990  2731  2227  4093 -9999
WD4205  1935   324   334   336   462   397
WD4205  1940   481   500   374   373   564   719   544   318   713   802
WD4205  1950  1163   716   654   655   444   423   612   654   858   810
WD4205  1960   881   978  1543  2270  2178  3677  2605  4650  1924  4806
WD4205  1970  3835  2233   781  2398  2634  2317  3477  4789  4850  3963
WD4205  1980  3215  2895  2817  3122  3298  3336  5084  5425  5663  6177
WD4205  1990  4513  3321  3382 -9999
WD4301  1970   181   136   192    73   115   233   317   507   442   378
WD4301  1980   502   416   708  1229  1253  1071  1522  2192  2240  3162
WD4301  1990  3662  3033  3251 -9999
WD4401  1932   339   318   403   317   233   299   253   148
WD4401  1940   170   148   127   191   276   301   171   121   170   253
WD4401  1950   219   182   127   127   423   705  1349  1112  1417  2104
WD4401  1960  2554  1730  1497  1269  1291   908   910  1197  1036  1564
WD4401  1970  1226  1354  1340  1217  1505  1371  1622  1692  1798  1545
WD4401  1980  1354  1629  1523  1671  1502  1395  1565  2030  2221  2496
WD4401  1990  2094  2263  2558 -9999
WD5301  1955   175   119   129   138   160
WD5301  1960   167   120   144   285   302   379   431   571   653  1456
WD5301  1970  1437  1280  1709  1445  2398  2504  2332  2627  1744  1810
WD5301  1980  1812  1646  2129  2240  1646  1632  2114  3266  4444  4139
WD5301  1990  4748  4136  4724 -9999
WD5501  1964   257   238   161   318   272   279
WD5501  1970   403   381   463   532   859   975  1024  1184  1085  1395
WD5501  1980  1396  2475  2750  2024  1348  1049  1314  1744  1901  2233
WD5501  1990  2174  1806  2705 -9999
WE1506  1969   253
WE1506  1970   169   172   359   119   261   353   528   739  1036   899
WE1506  1980   808  3557  1675  2242  1194  1407  1893  2023  2176  2130
WE1506  1990  1807  1658  2194 -9999
WE1508  1966   172   129   172   201
WE1508  1970   204    96    86   105   185   253   275   317   402   444
WE1508  1980   635   639  1502  1263   996  1019  1335  1853  2006  2644
WE1508  1990  3768  4693  4779 -9999
WE1509  1979   861
WE1509  1980   819   592   677   804   677   508   669   779   822   916
WE1509  1990  1188  1246  1713 -9999
WE1510  1967   453   112   139
WE1510  1970   223   298   231   267   256   327   432   389   469   592
WE1510  1980   682  1126  1274  1008   510   886  1138   984  1558  1856
WE1510  1990  1923  3164  2679 -9999
WE1513  1971   135    99   149   178   266   471   614   673   589
WE1513  1980   780   827  1110  1139  1201  1032  1437  1547  1977  2281
WE1513  1990  2664  2707  3152 -9999
WE2102  1969   259
WE2102  1970   139   126   211   233   249   188   147   740  1815  1035
WE2102  1980  1711  1458  2072  3379  4032  4666  5960  4542  4084  4342
WE2102  1990  5453  7353  7354 -9999
WE2201  1967    64    82    70
WE2201  1970   127   192   148   154   198   342   329   417   640   708
WE2201  1980   750   603  1237  1080  1143   714  1228  1804  1746  1568
WE2201  1990  2502  2286  2336 -9999
WE2202  1980   358   952  1528  1185  1067  1017  1105  2052  2745  3536
WE2202  1990  4425  3550  4100 -9999
WE2203  1974   219   109   209   434   454   453
WE2203  1980   516   773   864   877   884  1337  1161  1397  1413  1948
WE2203  1990  1493  1187  1671 -9999
WE2206  1972   472   375   530   777   652   585  1153  1393
WE2206  1980   752  1009  1071   915   930  1118  2013  2894  2260  3211
WE2206  1990  3408  2513  2596 -9999
WE2207  1969   240
WE2207  1970   202   129   168   187   377   457   436   499   686   606
WE2207  1980   821   677   854  1189   735   926  1076  1626  1986  1776
WE2207  1990  2283  2452  3580 -9999
WE2209  1970   364    73    90   107   127   197   112   149   267   266
WE2209  1980   265   296   317   472   946   698   654  1195  1478  1475
WE2209  1990  2053  2358  2225 -9999
WE2304  1922  1624  2016  2053  2443  3053  2443  2242  2639
WE2304  1930  1798  2129  2524  1670  1282  1736  1840  1268  1097  1160
WE2304  1940  1345  1345  1241  1560  2358  2687  2234  2369  1771  2454
WE2304  1950  2643  1860  2210  1689  1507  1706  1306  1075  1565  1374
WE2304  1960  1396  1029  1162  1056   844  1332  1078  1098  1158  1543
WE2304  1970  1455  1095  1090  1488  1803  1889  1687  1857  2237  2174
WE2304  1980  1564  1361  1874  2280  1829  2067  1821  2176  2419  4067
WE2304  1990  3899  1078  1641 -9999
WE2401  1978   424   359
WE2401  1980   550   403   636   593   677   599   709  1449  1436  1454
WE2401  1990  1750  1797  2667 -9999
WE2402  1966   150    87   140    59
WE2402  1970   114   123   102   169   211   211   316   422   465   106
WE2402  1980   569   503  1008  1691  1416  1057  1587  2241  2261  2493
WE2402  1990  3086  2155  2551 -9999
WE2403  1978   442   505
WE2403  1980   486   846  1081   759   770   808  1501  1976  1599  1565
WE2403  1990  1986  2502  2821 -9999
WE2404  1965   170   127   111   120   145
WE2404  1970   166   122   120   119   158   165   146   272   290   342
WE2404  1980   314   327   551   737   566   721  1238  1445  1524  1778
WE2404  1990  1855  1518  2222 -9999
WE2405  1985   255   424   955  1216  1401
WE2405  1990  1157  1169  2468 -9999
WE2406  1977   232   566   373
WE2406  1980   392   428   486   472   665   589   721  1289  1816  1841
WE2406  1990  1480  2297  2715 -9999
WE2501  1972   339   220   170   256   379   515   589   610
WE2501  1980   541   649  1021   821   909   825  1372  1719  1613  2701
WE2501  1990  3018  2897  3718 -9999
WE3201  1972   426   125   200   180   212   318   360   505
WE3201  1980   525   395   569   990   905  1114  1351  1587  1374  2113
WE3201  1990  2552  2746  3228 -9999
WE3203  1980    47   180   132   717   631   629   716  1489  2273  2571
WE3203  1990  1973   928   931 -9999
WE3301  1918   785   890
WE3301  1920  1313   710   708  1409  1325   925   377   293   231   148
WE3301  1930   106   169   252   315   357   400   253   210   441   656
WE3301  1940   804  1185  1226  1464  2050  2084  1507  1782  1880  1920
WE3301  1950  1566  1121  1329   970  1306  1240   727   396   645   647
WE3301  1960   869   636   472   535   534   903   696   570   587   968
WE3301  1970   867   725   545  1456  1639  2133  1848  2005  2092  1580
WE3301  1980  1012  1054  1046  1252  1293  1949  1847  2091  1368  1328
WE3301  1990  1239   761  1284 -9999
WE3302  1972   106   255   147   212   275   254   550   444
WE3302  1980   903   968  1101  1805  1349  1412  2600  2776  3561  2509
WE3302  1990  2631  2385  3128 -9999
WE3303  1954   239   120   147   243   202   169
WE3303  1960   127   254   169   191   232   290   315   675   592   590
WE3303  1970   609   634   940   833  1080   858  1239  1492  1411  1076
WE3303  1980  1205  1331  1351  1646  1469  1460  1496  1352  1594  2223
WE3303  1990  2366  2115  2595 -9999
WE3304  1968   123   312
WE3304  1970   344   422   359   592   462   664   418   714   325   142
WE3304  1980   405   625   537   485   367   264   324   357   434   530
WE3304  1990   946   725   927 -9999
WE3305  1962   529   864   380  1079   422   903   387   782
WE3305  1970   669   963  1068   485   527   572   610   815   696   550
WE3305  1980   317   571   487   550   459   209   140   120   161   163
WE3305  1990   353   327   538 -9999
WE3401  1913   302   262   360   461   281  1099  1030
WE3401  1920  1094  1466  1290  1779  1147  1331  1956  2278  1623  1480
WE3401  1930   876  1149  1377  1167  1153   791  1189   925   817  1061
WE3401  1940  1345  1565  1227  1899  2948  3052  2568  2556  2877  2833
WE3401  1950  2842  2229  2637  2543  1368  3416  2731  1877  2547  1890
WE3401  1960  2108  2056  1928  2794  2476  3068  1434  2156  2432  4157
WE3401  1970  5119  3025  2263  3102  1325  2700  3060  4117  3850  4611
WE3401  1980  2558  5435  3595  4984  2549  1820  2243  3882  4389  3567
WE3401  1990  3618  1975  2036 -9999
WE4201  1967   293   256   380
WE4201  1970   316   506   127   381   678   762  1088  1360  2073  1691
WE4201  1980  3081  4618  1841  3404  4161  2792  2722  3669  2959  3059
WE4201  1990  3105  3107  4724 -9999
WF1301  1890  1861   884   648  1631  2241  3412  2612  2830  3907  2336
WF1301  1900  2020  1187  1391  3153  3532  2365  2052  1741  1134   986
WF1301  1910   981  1115  1238  1752  2693  1314   946  1446  1004  1874
WF1301  1920  1523  1420  1506  2081  1402  2109  1640  1371  1646  1855
WF1301  1930  1270  1653  1967  1797  1702  1861  2938  2377  3181  2945
WF1301  1940  2956  2309  2415  2351  3266  3861  2890  3265  3460  2681
WF1301  1950  2550  2819  2417  2387  2608  3055  3000  2841  4657  3341
WF1301  1960  3531  2558  2305  3294  2353  3057  2219  2815  2138  2768
WF1301  1970  2798  2659  2051  2328  2758  2775  1986  2519  2706  2412
WF1301  1980  2462  2565  2396  2412  2160  2360  1629  2586  3114  3155
WF1301  1990  2888  2528  1482 -9999
WF2301  1951   679  1761   400   356  1406   575   652   755   718
WF2301  1960   610  1048  1302  1376  1572  2956  3070  2194  1689  2003
WF2301  1970  1608  1268  1343  1513  1677  1980  2155  3176  3557  3026
WF2301  1980  3190  3421  3712  4737  4161  4186  5891  7038  6280  6332
WF2301  1990  5357  4055  4485 -9999
WF2302  1929   831
WF2302  1930   986   974   856  1094  1329  1378  1632  1213   947  1590
WF2302  1940  1580  3119  3593  4207  4821  4878  4027  4079  4718  2966
WF2302  1950  3211  3375  3224  1670  3008  2956  1804  1751  2456  2584
WF2302  1960  3773  4348  3384  4907  4271  5411  4963  4489  3214  3828
WF2302  1970  3956  3186  1230  2042  3143  3179  3860  4093  4779  3736
WF2302  1980  3006  3824  3332  4318  3882  3479  4733  5221  4878  4061
WF2302  1990  3649  2999  3737 -9999
WJ4201  1912   277   127   179   220   351   310   164   275
WJ4201  1920   275   338   415   433   381   171   127   148   169   169
WJ4201  1930   169   275   254   296   338   359   423   254   212   360
WJ4201  1940   489   739  1088  3382  4546 15233  1746  1669  2648  1877
WJ4201  1950  2382  1360  1885  2107  1763  2015  1477  1259  1466  1510
WJ4201  1960  1407  1713  1164  1504  1706  1077  1324  1883  2413  2031
WJ4201  1970  2537  1513  1429  1766  1462  1860  1513  1404  1237  1237
WJ4201  1980  1259  1251  1167  1461  1178  1453  1631  1656  1916  2090
WJ4201  1990  1430  1302  1519 -9999
