WA1102  1957   103   161   205
WA1102  1960   292   423   402   952   952  1162  1133  1387  1401  1865
WA1102  1970  1333  1683  1223  1554  1573  1116  2481  3129  2049  2447
WA1102  1980  2246  2332  2082  2273  2804  3322  3064  1479  1974  4048
WA1102  1990  4206  2758  3088  2145  2517  1420 -9999
WA1201  1942   898   821   810   578   424   410   398   437
WA1201  1950   557   390   453   576   744   778   638   500   432   482
WA1201  1960   420   666  1010   711   740   894  1141   643  1031  1420
WA1201  1970   828   913   865   506   401   475   540   730   679  1189
WA1201  1980  1182   852   624   844   731   945  1048   973   692   955
WA1201  1990  1069  1095  1095   707   787 -9999
WA1202  1940   601   334   399   360   296   402   262   304   239   165
WA1202  1950   299   414   436   343   326   369   312   305   318   264
WA1202  1960   339   421   582   450   428   581   604   510   726   882
WA1202  1970   624   761   548   409   390   487   704   725   725   783
WA1202  1980   707   552   416   536   358   499   622   627   653   698
WA1202  1990   660   765   478   395   706   355 -9999
WA1203  1962   125   640   707   516   297   329   424   747
WA1203  1970   513   723   610   882   475   355   381   413   497   783
WA1203  1980   654   423   388   739   676   938  1060   754   635   796
WA1203  1990   765   927   723   510   777   573 -9999
WA1204  1957   718   424   488
WA1204  1960   531   338   297   148   453   404   504   371   745   955
WA1204  1970   649   969   511   357   338   414   334   398   245   436
WA1204  1980   411   253   253   257   330   358   338   317   275   338
WA1204  1990   317   423   527   463   633   369 -9999
WA1205  1904   289   515   296   336   231   147
WA1205  1910   229   550   599   794   478   730   831   870   661   835
WA1205  1920   672   635   198   209   229   125   146   188   168   189
WA1205  1930   209   167   167   232   273   334   271   249   125   166
WA1205  1940   145   128   169   222   208   354   502   565   481   908
WA1205  1950   755   947   796   982  1104   835   628   439   397   502
WA1205  1960   587   795   859   754  1296  1317  1216   840  1048  1651
WA1205  1970  1329  1752  1492   965   732   952  1120  1545  1583  2104
WA1205  1980  2041  1515  1181  1494  1065  1204   944   859   712   731
WA1205  1990  1024   898  1065   605   749   434 -9999
WA1206  1956   275   148   127   148
WA1206  1960   127   169   275   339   254   190   423   296   395   451
WA1206  1970   508   423   296   190   212   212   254   360   487   423
WA1206  1980   444   332   239   302   155   239   233   190   155   233
WA1206  1990   330   190   239   190   225   116 -9999
WA1208  1928   611   843
WA1208  1930   841   755   378   589   401   380   507   591   317   423
WA1208  1940   360   317   402   508   317   487   760   821   567   630
WA1208  1950   483   544   439   418   482   399   315   274   338   317
WA1208  1960   317   507   740   698   635   994   740   444   570   824
WA1208  1970   652   673   504   358   316   459   590   653   886   952
WA1208  1980   656   440   231   336   210   316   380   486   386   396
WA1208  1990   423   529   571   254   275   118 -9999
WA1209  1939   454
WA1209  1940   309   334   271   154   191   253   249   313   501   151
WA1209  1950   242   128   155   174    78    74    78   130   252   378
WA1209  1960   503   696   756   568   952  1074   949   739   888   952
WA1209  1970   889  1015   846   595 -9999
WA1210  1915   193   101   227   266   457
WA1210  1920   620   900   501   540   645  1293   847   925  1059   914
WA1210  1930   838   658    93   126   121    68   111   105   126    84
WA1210  1940    79    79    94   105   147   168   147   210   168   251
WA1210  1950   230   313   580   520   419   546   546   273   210   231
WA1210  1960   189   379   567   527   822   886   843   443   674   632
WA1210  1970   506   570   464   317   211   361   337   508   444   655
WA1210  1980   719   719   465   655   410   541   571   805   421   513
WA1210  1990   503   517   586   354   423   289 -9999
WA1211  1932  1347   566   602   498  1110   461   419   238
WA1211  1940   241   261   208   418    82   221   328   439   397   496
WA1211  1950   481   888   338   507   483   524   566   332   330   390
WA1211  1960   427   527   541   258   376   374   393   271   345   339
WA1211  1970   244   245   227   105   142   170   227   228   194 -9999
WA1212  1912   339   339   508   360   442   623   465   271
WA1212  1920   495   296   233   148   106   106   127   233   273   486
WA1212  1930   233   254   169   127   190   254   212   381   275   292
WA1212  1940   274   316   422   672   400   483   544   665   663   643
WA1212  1950   665   479   333   416   604   585   356   502   314   294
WA1212  1960   525   568   633   380 -9999
WA1214  1944   379   420   438   242   314   381
WA1214  1950   349   472   243   532   713   177   176   249   250   230
WA1214  1960   359   253   379   339   676   888   889   571   634   780
WA1214  1970   757   851   524   604   273   460   553   726   892   933
WA1214  1980   643   396   334   481   416   642   930   764   818   754
WA1214  1990   638   791   954   591   722   693 -9999
WA1215  1930    31   434   571   590   585   656   504   565   453   552
WA1215  1940   426   686   571   542   568   641   794   804   761   444
WA1215  1950   338   274   317   463   547   441   428   539   443   316
WA1215  1960   401   506   379   482   440   498   855   811   889   761
WA1215  1970   665   879   773   399   527   731   685   909   994  1375
WA1215  1980  1268   867   634   613   465   549   655   717   568   675
WA1215  1990   745   749   993   698   803   445 -9999
WA1216  1942   337   751   665   725   818   649   633   601
WA1216  1950   618   470   508   692   468   595   621   501   273   634
WA1216  1960   613   719   762   360   402   719   634   656   695   652
WA1216  1970   760   804   623   392   274   356   397   418   508   624
WA1216  1980   548   347   247   252 -9999
WA1217  1939   515
WA1217  1940   263   294   254   613   407   404   328   319   211    77
WA1217  1950   176   170   169   148   240   148   100   253   347   404
WA1217  1960   584   865  1022   622   763   331   451   212   359   295
WA1217  1970   378   462   524   439   124   230   146   229   271   504
WA1217  1980   901   588   441   650   586   653   505   358   374 -9999
WA1218  1947   496   652   277
WA1218  1950   180   264   386   343   457   889   602   359   128    66
WA1218  1960    85    60   169   212    95   116   379   274   252   399
WA1218  1970   252   210   122   133   206   357   356   272   337   367
WA1218  1980   372   171    87   164   357   544   627   375   257   380
WA1218  1990   432 -9999
WA1219  1946   381   191   232   254
WA1219  1950   264   307   454   276   549   600   466   381   212    85
WA1219  1960   233   127   211   313    49  1072   834   455   423   444
WA1219  1970   338   380   211   294   208   208   229   290   330   433
WA1219  1980   410   330   272   358   358   397 -9999
WA1220  1954   381   331   474   504   558   432
WA1220  1960   300   269   329   346   763  1647  1339   761   804   847
WA1220  1970   547   370   273   391   217   686   898  1091  1044  1659
WA1220  1980  1173   807   372   557   413   556   761   639   557   665
WA1220  1990   654   917   737 -9999
WA1221  1941   228   130   211   148   190   296   212   190   127
WA1221  1950   253   223   296   317   265    95   189   253   347   423
WA1221  1960   424   379  1003   510   952  1022   809   595   660  1092
WA1221  1970  1072  1023   502   648   582  1018  1086  1098  1050  1507
WA1221  1980  1242   684   517   890   704   868  1094   993  1008  1129
WA1221  1990  1168  1189  1359  1138  1123   455 -9999
WA1224  1948   379   400
WA1224  1950   566   415   373   291   293   379   391   427   169   317
WA1224  1960   485   546   461   457   343   444   719  1096   654   507
WA1224  1970   633   464   423   338   232   254   416   197   275   254
WA1224  1980   169   211   275   254   169   190   121 -9999
WA1508  1969    11
WA1508  1970   150   166   150   148   249   336   357   432   465   442
WA1508  1980  1472  1225  1574  2353  2532  2856  2158  1501  2581  3831
WA1508  1990  3701  3486  4380  3240  3235  2404 -9999
WA2104  1959   208
WA2104  1960   147   189   189   252   273   271   167   209   356   380
WA2104  1970   401  1021   681   726   929   790  1037  1023   801  1539
WA2104  1980  3257  2602  3375  3932  3172  3215  2364  1499  2168  2706
WA2104  1990  2301  2001  2134  1679  1898  1598 -9999
WA5503  1968   294   107
WA5503  1970   146   232   279   192   243   141   276   499   730  1023
WA5503  1980  1022  1323  1042  1681  1796  2594  2093  2072  2169  3675
WA5503  1990  4577  3911  4565  2974  3513  3449 -9999
WB4304  1953    42  1877  1932  1379  1577  1055  1475
WB4304  1960  2042  2042  2207  2236  2910  3915  3142  2984  3855  3865
WB4304  1970  2846  2535  2313  1771  1091  1179  1837  2275  2088  2362
WB4304  1980  2181  1578  1034  1184  1184  1183   908  1478   950  2238
WB4304  1990  2890  2168  2262  2923  4197  4448 -9999
WB4305  1949     1
WB4305  1950   421   240   324   151   154   167   181   210   173   118
WB4305  1960    85   123   176    64   139   118   113   153    74    62
WB4305  1970    81    93   136  1000  1396   977  2335  2542  2294  2641
WB4305  1980  2381  2315  1722  1549  1455  2443  1949  2011  1202  1882
WB4305  1990  1885  1341  1592  1981  3495  2338 -9999
WB4306  1956    98  2651  2195  1620
WB4306  1960  2071  2377  3121  3785  4294  4962  3622  4074  3991  5812
WB4306  1970  5169  4582  3454  4749  3933  3979  4299  5036  5190  4425
WB4306  1980  4837  3927  2936  3850  3520  4229  4197  3754  2460  3990
WB4306  1990  4461  3401  3297  3690  4491  3188 -9999
WB4307  1961    59  1299  2103  2067  2233  1686   952   994  1475
WB4307  1970  1266  1432   806   897   911   964  1482  2243  1830  1705
WB4307  1980  1800  1912  1672  2329  1987  1933  1832  1625  1139  1453
WB4307  1990  1670  1484  1336  1183  2267  2027 -9999
WD2101  1970    91    96    97   162   167   291   232   274   339   908
WD2101  1980  1340  1100  1055  1282  1835  2944  3020  3565  2714  2997
WD2101  1990  4416  3506 -9999
WD3101  1982  1575  1686  1429  1809  2053  1938  1376  1301
WD3101  1990  1579  1706  1577  1474  2424  2913 -9999
WD3102  1972    84   884   700   725  1021  1766  2075  2154
WD3102  1980  2748  2924  2538  2096  1909  1800  1783  1773  1072  1397
WD3102  1990  2326  1932  2013  1691  1538  1520 -9999
WD3110(11931   296   295   294   294   440   672   847   867   939
WD3110(11940   860   987  1280  1291  2338  2170  2250  2509  2314  3330
WD3110(11950  3966  2961  2751  1780  1859  1569  1353  1226   580   712
WD3110(11960   844   950  1424  1571  2155  2384  1856  1686  1992  2010
WD3110(11970  1651  1563  1621  1533   743   702   865  1096  1436  1903
WD3110(11980  1799  1904  1966  2512  2555  3365  3238  2662  1987  3893
WD3110(11990  4593  3598  3997  2281  2609  2559 -9999
WD3112  1929   716
WD3112  1930   339   488   275   127    93    99    71    54   148   233
WD3112  1940   297   254   148   254   170   318   318   405   394   278
WD3112  1950   238   199   197   218   377   321   320   323   222   344
WD3112  1960   324   318   206   294   414   374   647   732   775   632
WD3112  1970   486   380   296   275   212   381   695   615   611   799
WD3112  1980   774  1197   313   438   646  1193   693   782   739  1268
WD3112  1990  1814  1498  1052   969   927   635 -9999
WD3113  1923   168   210   397   417   419   502   481
WD3113  1930   327   449   274   212   190   296   328   314   524   230
WD3113  1940   315   378   213   156    72   232   253   335   252   231
WD3113  1950   232   232   316   358   444   381   465   571   402   465
WD3113  1960   444   465   600   415   696   736   858   581   595   472
WD3113  1970   289   275   116   138   272   212   356   551   483   441
WD3113  1980   294   160   218   216   202   168   189 -9999
WD3115  1936  1191   517   386   311
WD3115  1940   179   148   169   271   188   229   272   377   356   359
WD3115  1950   823   783  1100   888  1037  1362   964  1257   864   970
WD3115  1960   964   979  1132   952   889  1141  1273   910  1499  1832
WD3115  1970  1238  1424  1115  1094   973  1394  1332  1692  1375  2454
WD3115  1980  2412  2156  2684  3108  2241  3107  2763  3090  2756  4648
WD3115  1990  4671  3611  4066 -9999
WD3116  1894   254   360   275   254   276   295
WD3116  1900   378   499   374   665   495   412   428  1009   743   679
WD3116  1910   735  1066   878   752   690   466   732   746  1012  1006
WD3116  1920   705   646   685   629   644   988  1378  1371  1480  1753
WD3116  1930  1484  1004   458   567   545   586   646   536   731   812
WD3116  1940   602   736   906   676   529   586   551   439   315   231
WD3116  1950   273   189   169    96   102    47    20    71   105   253
WD3116  1960   211   169   190   254   233   233   338   347   347   686
WD3116  1970   536   926  1182  1019   769   713   724   778   688  1142
WD3116  1980  1240  1185  1343  1389  1674  1923  1650  1660   992  1593
WD3116  1990  1781  1227  1558   884  1546  1308 -9999
WD3117  1910   869   423   614   445   296   529   425   418   506   359
WD3117  1920   549   532   417   379   383   611   573   926  1232  1311
WD3117  1930  1353  1550  1496  1192  1303  1163  1183   971   803   888
WD3117  1940   931  1015   888  1643  3364  3004  2771  3035  2625  2993
WD3117  1950  3550  2829  2682  1889  1868  1495   932  1105   607   756
WD3117  1960   991   844  1034   928  1138  1283  1172  1597  1641  1496
WD3117  1970  1203  1599  1728  1337  1115  1459  1340  1943  1450  1951
WD3117  1980  1941  1791  2087  2729  1795  2457  2035  2115  2554  3952
WD3117  1990  3672  2204  2423  1057  1841  1468 -9999
WD3119  1899   615
WD3119  1900   339   339   509   382   297   148   169   169   232   613
WD3119  1910   819   370   325   265   212   343   515   456   685   998
WD3119  1920  1401  1314   968  1117   571   613   571   655   528   381
WD3119  1930   338   402   402   359   529   507   444   465   233   380
WD3119  1940   317   337   274   253   275   422   528   703   781   792
WD3119  1950   923   780   865   883  1160   916   437   395   250   209
WD3119  1960   314   336   570   405   450   435   624   608   797   735
WD3119  1970   907   824   656   550   574  1028   850   835   899  1089
WD3119  1980  1227   867   740  1037   762   761   845   887   570   777
WD3119  1990   762   677   740   634   634   512 -9999
WD3123  1951   403   571   396   568   588   333   542   455   888
WD3123  1960  1037  1100  1287  1203  1320  1754  1627  1414   950  1269
WD3123  1970   931  1650  1629  1185  1269  1163  1374  1584  1326  1724
WD3123  1980  1638  1307  1349  1645  1435  2110  2321  2238  2213  3602
WD3123  1990  5011  4564  5397  4464  4950  4972 -9999
WD3130  1952   339   382   233   170   254   191   127   254
WD3130  1960   318   296   275   148   338   358   344   377   525   421
WD3130  1970   295   357   336   252   210   231   252   296   264   477
WD3130  1980   397   440   526   569   422   819   751   769   728   955
WD3130  1990  1241  1249 -9999
WD3143  1946   339   190   169   339
WD3143  1950   378   254   191   254   276   295   338   318   233   292
WD3143  1960   342   392   394   291   602   705   539   394   517   722
WD3143  1970   433   910   620   537   731   481   841  1052   887  1330
WD3143  1980  1139  1392  1561  1646  1414  1661  1614  1442  1127  1581
WD3143  1990  1929  1736  1704  1172  1324  1459 -9999
WD3147(+1959   506
WD3147(+1960   482   394   464   274   317   190   254   296   359   337
WD3147(+1970   359   794  1172   823   773   521  1184  1118   866   992
WD3147(+1980   724   953  1031  1098   910  1018  1327  1217   965  1091
WD3147(+1990   929   681   815   358 -9999
WD3148(+1943   360   550   444   420   542   312   208
WD3148(+1950   229   188   419   442   419   295   444   550   212   423
WD3148(+1960   317   381   296   169   379   379   524   839   572   546
WD3148(+1970   613   698   571   275   338   443   379   441   357   589
WD3148(+1980   633   592   592   698   592   994  1015   825   613   973
WD3148(+1990  1121  1100  1311   782   926   655 -9999
WD3149  1924   444   275   252   400   315   398
WD3149  1930   398   146   189   105   127   169   151   314   398   579
WD3149  1940   373   291   332   331   369   486   790   582   856   677
WD3149  1950  1058   719  1153   950  1182   870   608   524   227   183
WD3149  1960   346   428   654   537   705   688   646   562   705   706
WD3149  1970   539   570   423   465   337   441   439   420   442   563
WD3149  1980   291   395   228   392   330   412   475   454   432   494
WD3149  1990   309   267   267   223   540   371 -9999
WD3153  1911   379   167   127   314   210   316   254   254   423
WD3153  1920   233   612   232   275   274   385   522   192   148   444
WD3153  1930   550   359   380   465   296   359   253   422   316   398
WD3153  1940   701   339   399   570   613   890  1197   965  1453  1091
WD3153  1950   994   674  1047  1007  1529  1304   983  1009   799  1078
WD3153  1960   909   947   927   547   815   935   797   654   548   679
WD3153  1970   388   592   652   488   651   627   890   707   767   971
WD3153  1980   875   713   552   535   574   452   474   390   276   438
WD3153  1990   340   307   187   151   162   165 -9999
WD3201  1931   582   478   381   317   275   254   318   429   522
WD3201  1940   728  1181   954  1149  1059  2422  2196  2879  1938  2581
WD3201  1950  2846  2492  2602  2833  2949  2358  2359  2374  2324  2729
WD3201  1960  2835  2814  2831  2153  2495  3086  2607  2354  2304  3222
WD3201  1970  3023  3729  2420  1921  1917  1994  2170  2485  2090  2865
WD3201  1980  2712  2371  2578  2644  2469  2992  2683  3306  2474  3065
WD3201  1990  2748  2347  2783  1687  2890  2531 -9999
WD3202  1924   803   856  1234   887  1396   888
WD3202  1930   783  1099   549   335   355   354   210   402   212   381
WD3202  1940   423   338   254   423   380   422   697   822   704   716
WD3202  1950   907  1034  1290   955  1690  1366  1244  1065   588   864
WD3202  1960  1147  1187  1556  1096  1348  1681  1599   744   892  1157
WD3202  1970  1191  1614  1684  1271  1334  1188  1855  2516  2449  3475
WD3202  1980  2809  2611  2439  3018  2388  3466  3401  3247  2488  3687
WD3202  1990  4013  2508  3468  1895  2605  2485 -9999
WD3203  1937   466   318   445
WD3203  1940   360   297   169   276   276   509   545  1596  1017   920
WD3203  1950  1141   776  1153  1514  1986  1267  1285  1223   737  1702
WD3203  1960  1454  1535  1977  1901  1764  1808  1703  2187  1859  1823
WD3203  1970  1793  2327  2566  2901  1857  1796  1802  1514  2749  2175
WD3203  1980  1270  1206  1897  1842  2193  2248  3386  2925  2956  3958
WD3203  1990 -9999
WD3204  1945   296   331   303   954   886
WD3204  1950   220   263   312   267   359   423   379   441   376   369
WD3204  1960   817   408   453   288   332   643   397   712   586   693
WD3204  1970   375   911   976   772   775   687   843  1080   833  1257
WD3204  1980   836   826  1218  1069  1042  2084  1824  1629  1569  2558
WD3204  1990  2196  1839  2172  1552  2153  1798 -9999
WE2204  1971   144   119    97   211   169   271   426   449   624
WE2204  1980   675   454   841   821  1159  1014  2209  2250  1518  1918
WE2204  1990  2239  3237  5502  7544  9324 -9999
WE2208  1966   258   156   132    74
WE2208  1970   116    80    95   106   121   202   119   284   230   291
WE2208  1980   217   190   127   229   734   569   827   774   720  1322
WE2208  1990  2120  3843  5450  3457  3090   861 -9999
WE2305  1971   184   162   108   182   208   411   316   397   338
WE2305  1980   484   524   382   469   543   803   908   641  1423  1945
WE2305  1990  2049  3102  4071  2299  2590  2593 -9999
WB1401  1968   424   679
WB1401  1970   509   594   594   573   976  1572  2055  2367  2759  3960
WB1401  1980  3447  2560 -9999
WB2302  1967   165    91    89
WB2302  1970    86   120   141    85   171   172   211   421   486   656
WB2302  1980   909   677   962  1588  1666  1497  1309   867  1543  1945
WB2302  1990  2410  2732  3808  2490  2644  2846 -9999
WB2401  1979   447
WB2401  1980  1122   868   854  2348  1967  2295  2019   630  1205  2074
WB2401  1990  2741  4272  4505  3999  4387  2836 -9999
WB2402  1968   172   177
WB2402  1970   166   149   264   116   242   265   351   533   637   702
WB2402  1980   975   867  1035  1285  1649  1417  1642  1390  2137  3024
WB2402  1990  3549  3299  3892  2785  3565  2642 -9999
WB2502  1966   198   119    74   118
WB2502  1970   112   170   140   133   182   195   202   320   278   486
WB2502  1980   720   873   439   684  1131  1375  1358  1196  1594  2035
WB2502  1990  2252  2343  1993  1788  2142  1823 -9999
WB2503(21969   616
WB2503(21970   117   177   152   149   202   273   262   472   394   580
WB2503(21980   618   833   595  1088  1021  1206  1238   880  1160  1526
WB2503(21990  1707  2179  2285  2538  2896  3702 -9999
WB2503  1972   307   368   410   523   433   708  1027  1169
WB2503  1980  1262  1047  1178  1971  1384   851  1364  2045  2584  3040
WB2503  1990  3794  4594  6183  2459 -9999
WC2302  1968   250   105
WC2302  1970   113   210   290   174   233   227   351   415   543   525
WC2302  1980   538  1035   991  1478  1502  2337  1695  2049  3470  4018
WC2302  1990  4638  4765  5235  4263  4787  3354 -9999
WC2304  1979   852
WC2304  1980   837   681   688   967  2543  1935  1289  1099  1016  2106
WC2304  1990  2956  3902  3560  2698  3837  3951 -9999
WC2401  1974    16    80    87   135   257   596
WC2401  1980   798   665  1336  1270  1414  2651  1999  1550  3878  5009
WC2401  1990  6174  5847  5094  4585  6154  4410 -9999
WC3203  1973   869   877   925  1006   895  1206  1159
WC3203  1980  1744  1512  1644  3148  3526  4599  4481  4819  5239  5898
WC3203  1990  7028 -9999
WI1304  1971   108   407   333   116   256   261   424   498   398
WI1304  1980   489   467   764  1179   813   946   630   473   694  1062
WI1304  1990  1461  1768  2401  1735  2073  2164 -9999
WI3301  1976   422   636   572   651
WI3301  1980   539   521   652  1057  1653  1101  1069  1047  1562  1590
WI3301  1990  2417  1592  1354  1607  2091   488 -9999
WI3303(21902   591   465   316   357   433   341   126   146
WI3303(21910   380   892   742   944   803   518   473   542   841   745
WI3303(21920   457   465   379   221   242   289   303   253   205   346
WI3303(21930   200   250   355   491   658   577   441   496   598   696
WI3303(21940   827   755  1031  1032  1329  1711  1736  1465   991   876
WI3303(21950   763   708   666   617   595   567   383   406   322   314
WI3303(21960   404   566   611   578   596   914  1154   998   948  1283
WI3303(21970  1171  1433  1485  1946  1604  1265  1421  1276  1297  1254
WI3303(21980   900   932   753   594   717   885  1043   824   809  1034
WI3303(21990  1164  1281  1143  1133  1014   783 -9999
WI3304  1922   657   389   681   731   745   972   883  1273
WI3304  1930   879   889  1316  1175   663   704   808   945   985  1260
WI3304  1940  1286   886   734  2313  2485  3153  2882  3250  2332  2285
WI3304  1950  3127  2412  2517  1894  2027  1861  1047   874   596   820
WI3304  1960  1291  1396  1289  1586  1667  1913  2359  1807  1466  1740
WI3304  1970  1058   855   888   669   572   638  1000  1484  1142  1310
WI3304  1980   964  1147   858  1017  1019  1451   939   873   726   985
WI3304  1990   981  1142  1227   880  1431  1047 -9999
WI3305  1942    56  1134  1413  2425  1886  1586   994   753
WI3305  1950   750   539   867   648   847   788   464   742   436   495
WI3305  1960  1122  1014  1095  1158  1172  1538   970   600   501   915
WI3305  1970   542   816   906   796   652   796  1164  1098   895   730
WI3305  1980   665  1021   946   884   852  1154  1089   592   677  1035
WI3305  1990   867  1077  1297  1130  1451   848 -9999
WI3309  1832   168   145   165   235   231   277   233   296
WI3309  1840   211   336   356   312   394   270   187   228   354   313
WI3309  1850   558   392   391   600   810   590   465   478   305   634
WI3309  1860   359   570   380   440   289   385   376   402   318   229
WI3309  1870   279   159   331   366   224   485   647  1044   969   960
WI3309  1880   629   431   504   323   397   475   412   349   426   236
WI3309  1890   165   145   368   458   621   419   338   390   408   235
WI3309  1900   267   551   501   976   959   705   713   664   613   501
WI3309  1910   363   277   253   290   273   248   229   224   183   227
WI3309  1920   415   410   399   236   319   199   261   377   333   386
WI3309  1930   364   323   444   563   588   888   719   907   660   644
WI3309  1940   767   710   693   671   598   804  1145  1636  1340  1988
WI3309  1950  2419  2166  2268  1922  1907  1873  1661  2706  2375  1974
WI3309  1960  2192  2325  2230  2132  1824  1959  1982  1413   831  1321
WI3309  1970  1073  1099  1183   724  1072  1631  2138  2231  1622  1893
WI3309  1980  1666  1344   987   929   952  1119  1670  1484   930  1814
WI3309  1990  1923  1566  2558  1725  2102  1573 -9999
WI3401  1847   223   180   233
WI3401  1850   339   382   190   138   200   127   254   425   307   432
WI3401  1860   261   604   392   407   377   713   587   526   483   223
WI3401  1870   280   156   247   271   147   262   335   496   454   222
WI3401  1880   232   148   176   152   283   390   210   201   368   179
WI3401  1890   338   452   486   497   413   487   455   486   518   434
WI3401  1900   401   444   539   602   952   845   845   757   644   628
WI3401  1910   522   529   511   475   591   334   414   364   283   455
WI3401  1920   640   753   891   745   824   773   639   550   439   689
WI3401  1930   368   371   526   400   599   718   678   793   678   507
WI3401  1940   763   877   848  1212  1244  1587  1872  2485  1997  2410
WI3401  1950  2961  2261  2747  2698  2443  2247  1647  1609  1552  1417
WI3401  1960  1918  2528  2189  1997  1512  1523  1617  1199  1059  1744
WI3401  1970  1831  1795  2205  1488   831   723   946  1472  1015  1357
WI3401  1980  1320  1195   966   823   864   937   549  1004   809  1188
WI3401  1990  1157  1006  1030   617   776   821 -9999
